word,Halloweentown,Halloweentown II,total
oh,83,99,182
just,67,73,140
do,56,57,113
like,64,46,110
im,60,49,109
grandma,56,52,108
know,66,40,106
spell,8,94,102
dont,54,42,96
get,53,31,84
go,47,35,82
right,33,47,80
come,51,26,77
thats,32,42,74
marnie,36,33,69
back,22,37,59
ok,20,38,58
mom,31,27,58
see,39,18,57
youre,32,22,54
cant,23,28,51
think,19,31,50
yeah,23,26,49
gonna,30,18,48
time,23,24,47
look,27,19,46
yes,23,22,45
world,20,24,44
mean,23,21,44
halloweentown,17,27,44
did,25,19,44
sophie,20,23,43
dear,24,19,43
good,23,19,42
thing,30,11,41
want,25,15,40
got,26,14,40
mother,30,9,39
hey,25,13,38
lets,21,15,36
going,19,17,36
book,7,29,36
hes,10,25,35
really,17,17,34
dylan,14,20,34
magic,16,17,33
little,17,16,33
uh,13,18,31
mortal,10,21,31
ooh,25,5,30
ill,15,15,30
help,21,9,30
halloween,19,11,30
didnt,17,13,30
maybe,12,16,28
way,13,14,27
say,10,17,27
witch,19,7,26
stop,15,11,26
said,14,12,26
let,17,9,26
house,10,16,26
big,15,11,26
doesnt,16,9,25
theres,11,13,24
shes,17,7,24
put,14,10,24
witches,15,8,23
sure,5,18,23
party,5,18,23
make,13,10,23
give,13,10,23
take,11,11,22
home,16,6,22
bus,20,2,22
um,10,11,21
two,13,8,21
youve,14,6,20
whats,8,12,20
stuff,14,6,20
need,10,10,20
kids,17,3,20
cromwell,14,6,20
coming,12,8,20
wait,8,11,19
powers,14,5,19
luke,8,11,19
ive,12,7,19
ha,9,10,19
does,11,8,19
bye,14,5,19
bet,18,1,19
thanks,13,5,18
tell,10,8,18
guess,8,10,18
find,5,13,18
things,8,9,17
sorry,10,7,17
please,12,5,17
huh,10,7,17
gotta,9,8,17
costume,3,14,17
aggie,7,10,17
long,12,4,16
keep,10,6,16
gwen,12,4,16
guys,8,8,16
doing,9,7,16
dad,3,13,16
creatures,6,10,16
children,12,4,16
am,15,1,16
wow,8,7,15
weve,6,9,15
turn,12,3,15
trying,8,7,15
place,8,7,15
open,7,8,15
lost,3,12,15
excuse,9,6,15
came,10,5,15
believe,7,8,15
wont,6,8,14
theyre,6,8,14
talk,6,8,14
normal,9,5,14
man,11,3,14
human,10,4,14
great,6,8,14
creature,3,11,14
better,8,6,14
years,3,10,13
use,5,8,13
thank,9,4,13
spells,4,9,13
sighs,12,1,13
show,7,6,13
kind,7,6,13
head,4,9,13
bad,11,2,13
year,2,10,12
work,5,7,12
try,5,7,12
thought,8,4,12
remember,5,7,12
night,6,6,12
nice,6,6,12
midnight,3,9,12
id,5,7,12
hear,6,6,12
cromwells,8,4,12
old,8,3,11
made,5,6,11
live,7,4,11
life,10,1,11
leave,5,6,11
knew,5,6,11
humans,3,8,11
feel,3,8,11
evil,9,2,11
actually,7,4,11
worry,8,2,10
whoo,9,1,10
whoa,4,6,10
supposed,3,7,10
minute,5,5,10
hours,8,2,10
getting,6,4,10
fight,6,4,10
family,5,5,10
end,6,4,10
course,7,3,10
call,4,6,10
benny,2,8,10
youd,3,6,9
weird,7,2,9
training,8,1,9
talking,5,4,9
school,4,5,9
real,6,3,9
mask,1,8,9
later,4,5,9
isnt,5,4,9
hi,6,3,9
hello,7,2,9
havent,6,3,9
hair,8,1,9
grandmas,6,3,9
door,4,5,9
date,2,7,9
ya,6,2,8
wheres,2,6,8
warlock,3,5,8
used,5,3,8
turning,1,7,8
trap,1,7,8
stay,5,3,8
people,4,4,8
part,5,3,8
mm,6,2,8
high,1,7,8
happening,3,5,8
fun,2,6,8
fine,6,2,8
everybody,4,4,8
day,5,3,8
careful,5,3,8
away,5,3,8
afraid,3,5,8
wrong,5,2,7
worlds,2,5,7
working,5,2,7
werewolf,6,1,7
watch,3,4,7
turned,4,3,7
trouble,6,1,7
tried,4,3,7
teach,2,5,7
sweetheart,4,3,7
sweet,2,5,7
suppose,4,3,7
soon,5,2,7
somebodys,5,2,7
room,1,6,7
reading,1,6,7
read,2,5,7
pretend,4,3,7
mommy,4,3,7
moaning,6,1,7
laughs,3,4,7
job,5,2,7
hope,2,5,7
hasnt,1,6,7
gone,2,5,7
found,3,4,7
forever,5,2,7
em,2,5,7
days,6,1,7
cool,5,2,7
called,2,5,7
broom,6,1,7
bed,3,4,7
anyway,5,2,7
witchs,3,3,6
wasnt,4,2,6
wants,3,3,6
wanna,1,5,6
tonight,4,2,6
thinking,3,3,6
start,5,1,6
screams,3,3,6
pretty,5,1,6
power,2,4,6
monsters,5,1,6
looking,2,4,6
idea,4,2,6
girl,2,4,6
friends,3,3,6
forget,1,5,6
father,4,2,6
eye,3,3,6
dinner,5,1,6
dark,5,1,6
changed,2,4,6
busy,1,5,6
bring,4,2,6
break,2,4,6
boy,3,3,6
books,1,5,6
anymore,2,4,6
ago,3,3,6
aggies,1,5,6
young,3,2,5
write,1,4,5
word,1,4,5
wanted,3,2,5
told,2,3,5
till,1,4,5
stronger,2,3,5
story,4,1,5
sister,4,1,5
simple,3,2,5
says,3,2,5
run,3,2,5
ready,1,4,5
quite,4,1,5
problem,1,4,5
probably,3,2,5
number,4,1,5
match,1,4,5
marnies,3,2,5
luck,3,2,5
looks,3,2,5
join,3,2,5
itll,2,3,5
inside,1,4,5
hour,1,4,5
happy,2,3,5
happened,1,4,5
guy,4,1,5
goes,3,2,5
future,2,3,5
follow,4,1,5
fly,1,4,5
finally,3,2,5
fighting,2,3,5
far,2,3,5
ew,2,3,5
done,3,2,5
decide,1,4,5
create,1,4,5
couldnt,2,3,5
chuckles,1,4,5
cause,2,3,5
care,3,2,5
brother,3,2,5
brooms,2,3,5
bit,2,3,5
bell,4,1,5
ask,3,2,5
wouldnt,2,2,4
wonderful,2,2,4
woman,2,2,4
whered,3,1,4
train,3,1,4
times,3,1,4
thinks,2,2,4
taken,1,3,4
started,2,2,4
soph,3,1,4
shh,2,2,4
screaming,2,2,4
saw,1,3,4
running,2,2,4
ride,2,2,4
reason,3,1,4
point,1,3,4
pitched,1,3,4
pick,1,3,4
perfect,2,2,4
outside,1,3,4
ones,2,2,4
new,2,2,4
neat,3,1,4
movies,3,1,4
mortals,3,1,4
moms,2,2,4
moment,2,2,4
missing,2,2,4
miss,2,2,4
mine,3,1,4
met,2,2,4
merlin,1,3,4
left,1,3,4
late,3,1,4
knows,1,3,4
kid,3,1,4
iron,2,2,4
important,3,1,4
hurt,3,1,4
hold,3,1,4
hit,1,3,4
hide,1,3,4
hard,2,2,4
hang,2,2,4
goodness,2,2,4
face,2,2,4
drive,3,1,4
dream,3,1,4
decided,3,1,4
daughter,2,2,4
check,2,2,4
cast,1,3,4
brew,3,1,4
boring,2,2,4
best,2,2,4
baby,3,1,4
youll,1,2,3
yay,2,1,3
wish,2,1,3
whistles,2,1,3
welcome,1,2,3
warlocks,1,2,3
waiting,2,1,3
vampire,2,1,3
ugh,1,2,3
sweetie,2,1,3
stopping,2,1,3
stinky,1,2,3
sound,1,2,3
somethings,1,2,3
someplace,2,1,3
skeletons,2,1,3
sit,2,1,3
sell,2,1,3
seen,1,2,3
seeing,2,1,3
secret,1,2,3
second,1,2,3
saying,1,2,3
rest,1,2,3
poor,2,1,3
plenty,2,1,3
peace,1,2,3
nose,1,2,3
nos,1,2,3
moving,2,1,3
moved,1,2,3
move,2,1,3
mothers,2,1,3
means,1,2,3
lucky,2,1,3
love,1,2,3
lose,2,1,3
line,2,1,3
likes,1,2,3
keeps,2,1,3
impossible,1,2,3
hoping,2,1,3
hoped,2,1,3
honey,1,2,3
heard,1,2,3
having,2,1,3
happen,2,1,3
hand,2,1,3
glass,2,1,3
gets,1,2,3
gave,1,2,3
funny,2,1,3
front,1,2,3
frog,1,2,3
felt,1,2,3
ends,1,2,3
eat,2,1,3
duh,2,1,3
dressed,2,1,3
different,2,1,3
destroy,2,1,3
deal,2,1,3
dead,2,1,3
darkness,2,1,3
cute,2,1,3
croaking,1,2,3
costumes,2,1,3
child,2,1,3
celebrate,2,1,3
catch,2,1,3
calling,2,1,3
bunch,2,1,3
brought,1,2,3
breaking,1,2,3
born,2,1,3
bedtime,1,2,3
asleep,2,1,3
arent,1,2,3
agatha,2,1,3
yells,1,1,2
went,1,1,2
welsh,1,1,2
weeks,1,1,2
waste,1,1,2
warts,1,1,2
visit,1,1,2
vastly,1,1,2
upstairs,1,1,2
upset,1,1,2
ugly,1,1,2
tricks,1,1,2
touch,1,1,2
top,1,1,2
terrible,1,1,2
taking,1,1,2
system,1,1,2
swear,1,1,2
suitcase,1,1,2
suit,1,1,2
stupid,1,1,2
street,1,1,2
stolen,1,1,2
stir,1,1,2
step,1,1,2
standing,1,1,2
spirit,1,1,2
sir,1,1,2
shows,1,1,2
short,1,1,2
scare,1,1,2
rooms,1,1,2
respect,1,1,2
proper,1,1,2
prepare,1,1,2
playing,1,1,2
plans,1,1,2
past,1,1,2
overrated,1,1,2
nicely,1,1,2
needed,1,1,2
myth,1,1,2
mr,1,1,2
mocking,1,1,2
message,1,1,2
meet,1,1,2
lovely,1,1,2
learn,1,1,2
kiss,1,1,2
kept,1,1,2
interested,1,1,2
ice,1,1,2
hypnotized,1,1,2
hungry,1,1,2
huge,1,1,2
hows,1,1,2
horrible,1,1,2
hell,1,1,2
gwens,1,1,2
grunts,1,1,2
grow,1,1,2
groaning,1,1,2
grandmother,1,1,2
goodbye,1,1,2
gives,1,1,2
gasps,1,1,2
full,1,1,2
frustrating,1,1,2
forgot,1,1,2
flying,1,1,2
figure,1,1,2
feeling,1,1,2
feared,1,1,2
fairy,1,1,2
fabulous,1,1,2
extra,1,1,2
expected,1,1,2
everyones,1,1,2
everybodys,1,1,2
engine,1,1,2
educational,1,1,2
driver,1,1,2
dress,1,1,2
cream,1,1,2
count,1,1,2
contest,1,1,2
closing,1,1,2
closed,1,1,2
clear,1,1,2
century,1,1,2
buy,1,1,2
business,1,1,2
boyfriend,1,1,2
boss,1,1,2
bones,1,1,2
begin,1,1,2
awful,1,1,2
aware,1,1,2
assume,1,1,2
arrived,1,1,2
applause,1,1,2
ahh,1,1,2
able,1,1,2
talisman,14,0,14
calabar,11,0,11
ah,9,0,9
stroke,8,0,8
march,8,0,8
ghost,8,0,8
powerful,7,0,7
chance,7,0,7
vampires,6,0,6
trick,6,0,6
sweat,6,0,6
mayor,6,0,6
hm,6,0,6
guythur,6,0,6
understand,5,0,5
true,5,0,5
totally,5,0,5
special,5,0,5
shell,5,0,5
save,5,0,5
presents,5,0,5
ow,5,0,5
harriet,5,0,5
gugaun,5,0,5
ghosts,5,0,5
cookie,5,0,5
candy,5,0,5
bid,5,0,5
attendant,5,0,5
works,4,0,4
vu,4,0,4
town,4,0,4
reveal,4,0,4
return,4,0,4
laughter,4,0,4
laughing,4,0,4
hoo,4,0,4
force,4,0,4
dja,4,0,4
cledyfrutm,4,0,4
awesome,4,0,4
anoeth,4,0,4
whispering,3,0,3
trust,3,0,3
tired,3,0,3
three,3,0,3
statues,3,0,3
soapy,3,0,3
smart,3,0,3
shadow,3,0,3
serious,3,0,3
screeching,3,0,3
roots,3,0,3
ringing,3,0,3
plus,3,0,3
panic,3,0,3
lot,3,0,3
lit,3,0,3
light,3,0,3
kitchen,3,0,3
involved,3,0,3
installing,3,0,3
humming,3,0,3
grammy,3,0,3
fellow,3,0,3
fang,3,0,3
especially,3,0,3
eh,3,0,3
dumb,3,0,3
dog,3,0,3
decorations,3,0,3
crowd,3,0,3
crazy,3,0,3
couldve,3,0,3
caffeine,3,0,3
button,3,0,3
betty,3,0,3
appreciate,3,0,3
aboard,3,0,3
worst,2,0,2
wondered,2,0,2
wiener,2,0,2
whistle,2,0,2
wall,2,0,2
vegetables,2,0,2
tv,2,0,2
truth,2,0,2
treating,2,0,2
treat,2,0,2
trained,2,0,2
traditions,2,0,2
tradition,2,0,2
tomorrow,2,0,2
today,2,0,2
tires,2,0,2
th,2,0,2
telling,2,0,2
squawks,2,0,2
spore,2,0,2
snot,2,0,2
sleep,2,0,2
sick,2,0,2
shut,2,0,2
shopping,2,0,2
shop,2,0,2
shoe,2,0,2
shelter,2,0,2
schedule,2,0,2
rumbling,2,0,2
round,2,0,2
river,2,0,2
recipe,2,0,2
ran,2,0,2
raise,2,0,2
quick,2,0,2
punk,2,0,2
pumpkin,2,0,2
precious,2,0,2
polite,2,0,2
pins,2,0,2
overlapping,2,0,2
ornament,2,0,2
nutcase,2,0,2
needs,2,0,2
needles,2,0,2
nature,2,0,2
mouth,2,0,2
mistake,2,0,2
merlins,2,0,2
loved,2,0,2
losing,2,0,2
lock,2,0,2
local,2,0,2
lift,2,0,2
leftovers,2,0,2
king,2,0,2
jobs,2,0,2
install,2,0,2
ingredients,2,0,2
hung,2,0,2
heart,2,0,2
handsome,2,0,2
handle,2,0,2
half,2,0,2
grunting,2,0,2
grownup,2,0,2
goblins,2,0,2
fill,2,0,2
fear,2,0,2
fact,2,0,2
dude,2,0,2
drat,2,0,2
downer,2,0,2
distract,2,0,2
disappeared,2,0,2
disappear,2,0,2
dare,2,0,2
dangerous,2,0,2
couple,2,0,2
continue,2,0,2
class,2,0,2
chowder,2,0,2
chicken,2,0,2
cheese,2,0,2
chatter,2,0,2
buying,2,0,2
buster,2,0,2
bubble,2,0,2
bone,2,0,2
blowing,2,0,2
bag,2,0,2
altogether,2,0,2
aint,2,0,2
age,2,0,2
admit,2,0,2
zip,1,0,1
zero,1,0,1
youth,1,0,1
yee,1,0,1
wrap,1,0,1
worried,1,0,1
worked,1,0,1
wor,1,0,1
woods,1,0,1
wondering,1,0,1
wonderfully,1,0,1
wolfies,1,0,1
wolf,1,0,1
wished,1,0,1
winning,1,0,1
winner,1,0,1
windsweeper,1,0,1
win,1,0,1
williams,1,0,1
wild,1,0,1
wiccan,1,0,1
weirdo,1,0,1
wears,1,0,1
wastrel,1,0,1
washed,1,0,1
volunteer,1,0,1
vivida,1,0,1
visits,1,0,1
video,1,0,1
vi,1,0,1
verge,1,0,1
vanquished,1,0,1
vacation,1,0,1
using,1,0,1
urgent,1,0,1
urban,1,0,1
upsetting,1,0,1
upitidas,1,0,1
unless,1,0,1
unibody,1,0,1
unfair,1,0,1
underworld,1,0,1
underestimate,1,0,1
uncovered,1,0,1
unchecked,1,0,1
ugliest,1,0,1
twice,1,0,1
twerp,1,0,1
turns,1,0,1
troubles,1,0,1
troublemakers,1,0,1
trimmings,1,0,1
trees,1,0,1
treatment,1,0,1
transparent,1,0,1
toxic,1,0,1
tooth,1,0,1
tolling,1,0,1
toil,1,0,1
title,1,0,1
tight,1,0,1
tie,1,0,1
tickets,1,0,1
ticket,1,0,1
thursday,1,0,1
threatens,1,0,1
third,1,0,1
thinning,1,0,1
thermostat,1,0,1
theirs,1,0,1
thee,1,0,1
theater,1,0,1
thatll,1,0,1
thatd,1,0,1
tend,1,0,1
technician,1,0,1
taste,1,0,1
tantrum,1,0,1
taller,1,0,1
talked,1,0,1
tackle,1,0,1
swimming,1,0,1
sweeping,1,0,1
sundae,1,0,1
sulfuric,1,0,1
suffice,1,0,1
suffer,1,0,1
success,1,0,1
styx,1,0,1
stuffs,1,0,1
studies,1,0,1
streets,1,0,1
strange,1,0,1
store,1,0,1
stomach,1,0,1
sticky,1,0,1
stereotypes,1,0,1
static,1,0,1
starts,1,0,1
stars,1,0,1
stare,1,0,1
stand,1,0,1
squishing,1,0,1
squawking,1,0,1
square,1,0,1
springer,1,0,1
spread,1,0,1
spook,1,0,1
split,1,0,1
spirits,1,0,1
spends,1,0,1
specifically,1,0,1
speaking,1,0,1
speak,1,0,1
sounds,1,0,1
sounded,1,0,1
sorts,1,0,1
songs,1,0,1
song,1,0,1
snowman,1,0,1
snazzier,1,0,1
smelled,1,0,1
smell,1,0,1
smallest,1,0,1
slobbering,1,0,1
slimiest,1,0,1
slams,1,0,1
sky,1,0,1
skinner,1,0,1
sixth,1,0,1
six,1,0,1
sisters,1,0,1
silly,1,0,1
signs,1,0,1
shrub,1,0,1
shrimp,1,0,1
showing,1,0,1
showed,1,0,1
shot,1,0,1
shelves,1,0,1
shed,1,0,1
settled,1,0,1
settle,1,0,1
set,1,0,1
sesame,1,0,1
seriously,1,0,1
separate,1,0,1
send,1,0,1
sea,1,0,1
scratch,1,0,1
scheduling,1,0,1
scary,1,0,1
savory,1,0,1
saving,1,0,1
sand,1,0,1
sance,1,0,1
salad,1,0,1
sake,1,0,1
safe,1,0,1
sadie,1,0,1
rush,1,0,1
runs,1,0,1
ruler,1,0,1
ruled,1,0,1
rule,1,0,1
rite,1,0,1
risks,1,0,1
rightfully,1,0,1
rhyme,1,0,1
residents,1,0,1
resemblance,1,0,1
replacement,1,0,1
repelle,1,0,1
removes,1,0,1
removed,1,0,1
remembering,1,0,1
recruit,1,0,1
reclaim,1,0,1
reasons,1,0,1
razor,1,0,1
raunchiest,1,0,1
radio,1,0,1
rad,1,0,1
quod,1,0,1
quiet,1,0,1
queen,1,0,1
quarter,1,0,1
pushed,1,0,1
purpose,1,0,1
purple,1,0,1
pumpkins,1,0,1
pta,1,0,1
proves,1,0,1
proud,1,0,1
protecting,1,0,1
protect,1,0,1
properly,1,0,1
promise,1,0,1
professionals,1,0,1
problems,1,0,1
prince,1,0,1
pretending,1,0,1
prefer,1,0,1
precisely,1,0,1
practice,1,0,1
practically,1,0,1
pouring,1,0,1
potato,1,0,1
possibly,1,0,1
plastic,1,0,1
pimple,1,0,1
picked,1,0,1
personally,1,0,1
person,1,0,1
period,1,0,1
pentagram,1,0,1
pat,1,0,1
passed,1,0,1
passage,1,0,1
pardon,1,0,1
panting,1,0,1
palm,1,0,1
pain,1,0,1
overnight,1,0,1
ought,1,0,1
original,1,0,1
omelets,1,0,1
offer,1,0,1
odor,1,0,1
odds,1,0,1
occur,1,0,1
obviously,1,0,1
obvious,1,0,1
obsessed,1,0,1
notebook,1,0,1
nights,1,0,1
nicest,1,0,1
neighbors,1,0,1
neighbor,1,0,1
natures,1,0,1
nameless,1,0,1
name,1,0,1
nada,1,0,1
nachos,1,0,1
mysterious,1,0,1
musty,1,0,1
mushroom,1,0,1
museum,1,0,1
muffled,1,0,1
muffin,1,0,1
movie,1,0,1
motorcycle,1,0,1
moose,1,0,1
mood,1,0,1
monster,1,0,1
monkeys,1,0,1
mold,1,0,1
models,1,0,1
mode,1,0,1
mix,1,0,1
mistaken,1,0,1
missed,1,0,1
miserable,1,0,1
mirage,1,0,1
minivans,1,0,1
minimart,1,0,1
mind,1,0,1
mile,1,0,1
microchip,1,0,1
metallic,1,0,1
merely,1,0,1
men,1,0,1
meetings,1,0,1
mayors,1,0,1
math,1,0,1
master,1,0,1
masks,1,0,1
marrying,1,0,1
marry,1,0,1
marlie,1,0,1
mark,1,0,1
making,1,0,1
magical,1,0,1
lunch,1,0,1
loud,1,0,1
loss,1,0,1
lon,1,0,1
lollypop,1,0,1
loki,1,0,1
logic,1,0,1
lodge,1,0,1
locked,1,0,1
lives,1,0,1
liver,1,0,1
lived,1,0,1
listening,1,0,1
lincoln,1,0,1
limp,1,0,1
lights,1,0,1
legal,1,0,1
leftover,1,0,1
leaving,1,0,1
leaves,1,0,1
league,1,0,1
lady,1,0,1
la,1,0,1
knee,1,0,1
kinds,1,0,1
killing,1,0,1
kiddin,1,0,1
judge,1,0,1
jubentis,1,0,1
joins,1,0,1
joe,1,0,1
jerry,1,0,1
jerk,1,0,1
jaded,1,0,1
instead,1,0,1
instant,1,0,1
insanity,1,0,1
influence,1,0,1
impressionable,1,0,1
impetit,1,0,1
immune,1,0,1
imitation,1,0,1
imitated,1,0,1
imagination,1,0,1
ideas,1,0,1
hum,1,0,1
hubble,1,0,1
howls,1,0,1
howdy,1,0,1
hot,1,0,1
honor,1,0,1
homes,1,0,1
holiday,1,0,1
hips,1,0,1
hints,1,0,1
hinges,1,0,1
hieroglyphics,1,0,1
hiding,1,0,1
hid,1,0,1
heres,1,0,1
hereditary,1,0,1
herb,1,0,1
helps,1,0,1
hed,1,0,1
heads,1,0,1
headless,1,0,1
headache,1,0,1
haunts,1,0,1
hateful,1,0,1
hanging,1,0,1
handful,1,0,1
handed,1,0,1
hallucinating,1,0,1
hairstyling,1,0,1
hades,1,0,1
gwendolyn,1,0,1
guts,1,0,1
gunther,1,0,1
gum,1,0,1
guggenheim,1,0,1
grown,1,0,1
growing,1,0,1
grounded,1,0,1
grip,1,0,1
graveyards,1,0,1
grandmothers,1,0,1
grandkids,1,0,1
goose,1,0,1
goin,1,0,1
gnomes,1,0,1
gnome,1,0,1
glory,1,0,1
glo,1,0,1
glad,1,0,1
giving,1,0,1
generations,1,0,1
gang,1,0,1
gander,1,0,1
gah,1,0,1
fungus,1,0,1
fumes,1,0,1
frozen,1,0,1
frightening,1,0,1
freezes,1,0,1
freak,1,0,1
frankenstein,1,0,1
formula,1,0,1
forgotten,1,0,1
forces,1,0,1
forced,1,0,1
foolish,1,0,1
fooled,1,0,1
food,1,0,1
follows,1,0,1
followed,1,0,1
folks,1,0,1
flowers,1,0,1
flights,1,0,1
fitness,1,0,1
fit,1,0,1
fish,1,0,1
finishing,1,0,1
finish,1,0,1
fingertips,1,0,1
finds,1,0,1
filet,1,0,1
field,1,0,1
fetch,1,0,1
fell,1,0,1
feelings,1,0,1
fast,1,0,1
fare,1,0,1
fall,1,0,1
failed,1,0,1
faces,1,0,1
eyeballs,1,0,1
explore,1,0,1
explain,1,0,1
expert,1,0,1
exotic,1,0,1
exist,1,0,1
exiled,1,0,1
exile,1,0,1
excuses,1,0,1
exciting,1,0,1
excited,1,0,1
excellent,1,0,1
evening,1,0,1
eureka,1,0,1
espresso,1,0,1
escape,1,0,1
enjoy,1,0,1
english,1,0,1
energy,1,0,1
energies,1,0,1
encyclopedia,1,0,1
encouragement,1,0,1
emergency,1,0,1
electricity,1,0,1
election,1,0,1
egyptian,1,0,1
eggs,1,0,1
eating,1,0,1
earlier,1,0,1
ear,1,0,1
dying,1,0,1
dybbuks,1,0,1
dryers,1,0,1
dropping,1,0,1
drop,1,0,1
drives,1,0,1
drinking,1,0,1
dreadful,1,0,1
drawing,1,0,1
dragonfly,1,0,1
dozens,1,0,1
dow,1,0,1
doorknob,1,0,1
dollars,1,0,1
dogs,1,0,1
documentary,1,0,1
doctor,1,0,1
doc,1,0,1
district,1,0,1
distance,1,0,1
disobey,1,0,1
disneylands,1,0,1
disease,1,0,1
discussion,1,0,1
discovered,1,0,1
directional,1,0,1
differently,1,0,1
dictu,1,0,1
details,1,0,1
detailing,1,0,1
destiny,1,0,1
depressed,1,0,1
demon,1,0,1
deluxe,1,0,1
delayed,1,0,1
degrees,1,0,1
degree,1,0,1
defies,1,0,1
death,1,0,1
dears,1,0,1
dawn,1,0,1
dated,1,0,1
darling,1,0,1
dank,1,0,1
daddy,1,0,1
curb,1,0,1
cupidinis,1,0,1
cs,1,0,1
cruise,1,0,1
cross,1,0,1
cromwwell,1,0,1
crispy,1,0,1
creaking,1,0,1
crashing,1,0,1
coven,1,0,1
copied,1,0,1
cookin,1,0,1
cookbook,1,0,1
cook,1,0,1
controlled,1,0,1
continues,1,0,1
construction,1,0,1
conserve,1,0,1
consequences,1,0,1
conquering,1,0,1
conquer,1,0,1
confess,1,0,1
concentrate,1,0,1
completion,1,0,1
completely,1,0,1
compared,1,0,1
comes,1,0,1
comedian,1,0,1
clock,1,0,1
cleveland,1,0,1
clan,1,0,1
claims,1,0,1
citizens,1,0,1
ciente,1,0,1
chrome,1,0,1
chose,1,0,1
choices,1,0,1
chocolate,1,0,1
childhood,1,0,1
chickens,1,0,1
chez,1,0,1
cheering,1,0,1
chattering,1,0,1
charter,1,0,1
characters,1,0,1
character,1,0,1
chaos,1,0,1
chaney,1,0,1
certainly,1,0,1
certain,1,0,1
cereal,1,0,1
cellar,1,0,1
cawing,1,0,1
cavities,1,0,1
causes,1,0,1
cauldron,1,0,1
carpet,1,0,1
candle,1,0,1
cackles,1,0,1
cab,1,0,1
buses,1,0,1
bury,1,0,1
burning,1,0,1
bums,1,0,1
bs,1,0,1
brothers,1,0,1
broken,1,0,1
bristles,1,0,1
bringing,1,0,1
bride,1,0,1
breakfast,1,0,1
brave,1,0,1
brat,1,0,1
boys,1,0,1
box,1,0,1
bowls,1,0,1
bowling,1,0,1
bowl,1,0,1
borealis,1,0,1
boo,1,0,1
bonehead,1,0,1
bogeyman,1,0,1
body,1,0,1
blue,1,0,1
blade,1,0,1
bitten,1,0,1
bite,1,0,1
birthright,1,0,1
bikinis,1,0,1
benighted,1,0,1
bend,1,0,1
belong,1,0,1
believing,1,0,1
beeping,1,0,1
beds,1,0,1
beauty,1,0,1
beating,1,0,1
battle,1,0,1
barking,1,0,1
bar,1,0,1
banshees,1,0,1
baked,1,0,1
badgering,1,0,1
babysitter,1,0,1
awake,1,0,1
aw,1,0,1
available,1,0,1
aurora,1,0,1
audience,1,0,1
attention,1,0,1
arthurs,1,0,1
arthur,1,0,1
arms,1,0,1
arguing,1,0,1
argh,1,0,1
arbor,1,0,1
appreciates,1,0,1
apple,1,0,1
apologize,1,0,1
annoys,1,0,1
animatronic,1,0,1
animal,1,0,1
ancient,1,0,1
amazing,1,0,1
alive,1,0,1
aleck,1,0,1
agua,1,0,1
ages,1,0,1
afterlife,1,0,1
added,1,0,1
acid,1,0,1
absolutely,1,0,1
abracadabra,1,0,1
abominable,1,0,1
talisman,0,14,14
calabar,0,11,11
ah,0,9,9
stroke,0,8,8
march,0,8,8
ghost,0,8,8
powerful,0,7,7
chance,0,7,7
vampires,0,6,6
trick,0,6,6
sweat,0,6,6
mayor,0,6,6
hm,0,6,6
guythur,0,6,6
understand,0,5,5
true,0,5,5
totally,0,5,5
special,0,5,5
shell,0,5,5
save,0,5,5
presents,0,5,5
ow,0,5,5
harriet,0,5,5
gugaun,0,5,5
ghosts,0,5,5
cookie,0,5,5
candy,0,5,5
bid,0,5,5
attendant,0,5,5
works,0,4,4
vu,0,4,4
town,0,4,4
reveal,0,4,4
return,0,4,4
laughter,0,4,4
laughing,0,4,4
hoo,0,4,4
force,0,4,4
dja,0,4,4
cledyfrutm,0,4,4
awesome,0,4,4
anoeth,0,4,4
whispering,0,3,3
trust,0,3,3
tired,0,3,3
three,0,3,3
statues,0,3,3
soapy,0,3,3
smart,0,3,3
shadow,0,3,3
serious,0,3,3
screeching,0,3,3
roots,0,3,3
ringing,0,3,3
plus,0,3,3
panic,0,3,3
lot,0,3,3
lit,0,3,3
light,0,3,3
kitchen,0,3,3
involved,0,3,3
installing,0,3,3
humming,0,3,3
grammy,0,3,3
fellow,0,3,3
fang,0,3,3
especially,0,3,3
eh,0,3,3
dumb,0,3,3
dog,0,3,3
decorations,0,3,3
crowd,0,3,3
crazy,0,3,3
couldve,0,3,3
caffeine,0,3,3
button,0,3,3
betty,0,3,3
appreciate,0,3,3
aboard,0,3,3
worst,0,2,2
wondered,0,2,2
wiener,0,2,2
whistle,0,2,2
wall,0,2,2
vegetables,0,2,2
tv,0,2,2
truth,0,2,2
treating,0,2,2
treat,0,2,2
trained,0,2,2
traditions,0,2,2
tradition,0,2,2
tomorrow,0,2,2
today,0,2,2
tires,0,2,2
th,0,2,2
telling,0,2,2
squawks,0,2,2
spore,0,2,2
snot,0,2,2
sleep,0,2,2
sick,0,2,2
shut,0,2,2
shopping,0,2,2
shop,0,2,2
shoe,0,2,2
shelter,0,2,2
schedule,0,2,2
rumbling,0,2,2
round,0,2,2
river,0,2,2
recipe,0,2,2
ran,0,2,2
raise,0,2,2
quick,0,2,2
punk,0,2,2
pumpkin,0,2,2
precious,0,2,2
polite,0,2,2
pins,0,2,2
overlapping,0,2,2
ornament,0,2,2
nutcase,0,2,2
needs,0,2,2
needles,0,2,2
nature,0,2,2
mouth,0,2,2
mistake,0,2,2
merlins,0,2,2
loved,0,2,2
losing,0,2,2
lock,0,2,2
local,0,2,2
lift,0,2,2
leftovers,0,2,2
king,0,2,2
jobs,0,2,2
install,0,2,2
ingredients,0,2,2
hung,0,2,2
heart,0,2,2
handsome,0,2,2
handle,0,2,2
half,0,2,2
grunting,0,2,2
grownup,0,2,2
goblins,0,2,2
fill,0,2,2
fear,0,2,2
fact,0,2,2
dude,0,2,2
drat,0,2,2
downer,0,2,2
distract,0,2,2
disappeared,0,2,2
disappear,0,2,2
dare,0,2,2
dangerous,0,2,2
couple,0,2,2
continue,0,2,2
class,0,2,2
chowder,0,2,2
chicken,0,2,2
cheese,0,2,2
chatter,0,2,2
buying,0,2,2
buster,0,2,2
bubble,0,2,2
bone,0,2,2
blowing,0,2,2
bag,0,2,2
altogether,0,2,2
aint,0,2,2
age,0,2,2
admit,0,2,2
zip,0,1,1
zero,0,1,1
youth,0,1,1
yee,0,1,1
wrap,0,1,1
worried,0,1,1
worked,0,1,1
wor,0,1,1
woods,0,1,1
wondering,0,1,1
wonderfully,0,1,1
wolfies,0,1,1
wolf,0,1,1
wished,0,1,1
winning,0,1,1
winner,0,1,1
windsweeper,0,1,1
win,0,1,1
williams,0,1,1
wild,0,1,1
wiccan,0,1,1
weirdo,0,1,1
wears,0,1,1
wastrel,0,1,1
washed,0,1,1
volunteer,0,1,1
vivida,0,1,1
visits,0,1,1
video,0,1,1
vi,0,1,1
verge,0,1,1
vanquished,0,1,1
vacation,0,1,1
using,0,1,1
urgent,0,1,1
urban,0,1,1
upsetting,0,1,1
upitidas,0,1,1
unless,0,1,1
unibody,0,1,1
unfair,0,1,1
underworld,0,1,1
underestimate,0,1,1
uncovered,0,1,1
unchecked,0,1,1
ugliest,0,1,1
twice,0,1,1
twerp,0,1,1
turns,0,1,1
troubles,0,1,1
troublemakers,0,1,1
trimmings,0,1,1
trees,0,1,1
treatment,0,1,1
transparent,0,1,1
toxic,0,1,1
tooth,0,1,1
tolling,0,1,1
toil,0,1,1
title,0,1,1
tight,0,1,1
tie,0,1,1
tickets,0,1,1
ticket,0,1,1
thursday,0,1,1
threatens,0,1,1
third,0,1,1
thinning,0,1,1
thermostat,0,1,1
theirs,0,1,1
thee,0,1,1
theater,0,1,1
thatll,0,1,1
thatd,0,1,1
tend,0,1,1
technician,0,1,1
taste,0,1,1
tantrum,0,1,1
taller,0,1,1
talked,0,1,1
tackle,0,1,1
swimming,0,1,1
sweeping,0,1,1
sundae,0,1,1
sulfuric,0,1,1
suffice,0,1,1
suffer,0,1,1
success,0,1,1
styx,0,1,1
stuffs,0,1,1
studies,0,1,1
streets,0,1,1
strange,0,1,1
store,0,1,1
stomach,0,1,1
sticky,0,1,1
stereotypes,0,1,1
static,0,1,1
starts,0,1,1
stars,0,1,1
stare,0,1,1
stand,0,1,1
squishing,0,1,1
squawking,0,1,1
square,0,1,1
springer,0,1,1
spread,0,1,1
spook,0,1,1
split,0,1,1
spirits,0,1,1
spends,0,1,1
specifically,0,1,1
speaking,0,1,1
speak,0,1,1
sounds,0,1,1
sounded,0,1,1
sorts,0,1,1
songs,0,1,1
song,0,1,1
snowman,0,1,1
snazzier,0,1,1
smelled,0,1,1
smell,0,1,1
smallest,0,1,1
slobbering,0,1,1
slimiest,0,1,1
slams,0,1,1
sky,0,1,1
skinner,0,1,1
sixth,0,1,1
six,0,1,1
sisters,0,1,1
silly,0,1,1
signs,0,1,1
shrub,0,1,1
shrimp,0,1,1
showing,0,1,1
showed,0,1,1
shot,0,1,1
shelves,0,1,1
shed,0,1,1
settled,0,1,1
settle,0,1,1
set,0,1,1
sesame,0,1,1
seriously,0,1,1
separate,0,1,1
send,0,1,1
sea,0,1,1
scratch,0,1,1
scheduling,0,1,1
scary,0,1,1
savory,0,1,1
saving,0,1,1
sand,0,1,1
sance,0,1,1
salad,0,1,1
sake,0,1,1
safe,0,1,1
sadie,0,1,1
rush,0,1,1
runs,0,1,1
ruler,0,1,1
ruled,0,1,1
rule,0,1,1
rite,0,1,1
risks,0,1,1
rightfully,0,1,1
rhyme,0,1,1
residents,0,1,1
resemblance,0,1,1
replacement,0,1,1
repelle,0,1,1
removes,0,1,1
removed,0,1,1
remembering,0,1,1
recruit,0,1,1
reclaim,0,1,1
reasons,0,1,1
razor,0,1,1
raunchiest,0,1,1
radio,0,1,1
rad,0,1,1
quod,0,1,1
quiet,0,1,1
queen,0,1,1
quarter,0,1,1
pushed,0,1,1
purpose,0,1,1
purple,0,1,1
pumpkins,0,1,1
pta,0,1,1
proves,0,1,1
proud,0,1,1
protecting,0,1,1
protect,0,1,1
properly,0,1,1
promise,0,1,1
professionals,0,1,1
problems,0,1,1
prince,0,1,1
pretending,0,1,1
prefer,0,1,1
precisely,0,1,1
practice,0,1,1
practically,0,1,1
pouring,0,1,1
potato,0,1,1
possibly,0,1,1
plastic,0,1,1
pimple,0,1,1
picked,0,1,1
personally,0,1,1
person,0,1,1
period,0,1,1
pentagram,0,1,1
pat,0,1,1
passed,0,1,1
passage,0,1,1
pardon,0,1,1
panting,0,1,1
palm,0,1,1
pain,0,1,1
overnight,0,1,1
ought,0,1,1
original,0,1,1
omelets,0,1,1
offer,0,1,1
odor,0,1,1
odds,0,1,1
occur,0,1,1
obviously,0,1,1
obvious,0,1,1
obsessed,0,1,1
notebook,0,1,1
nights,0,1,1
nicest,0,1,1
neighbors,0,1,1
neighbor,0,1,1
natures,0,1,1
nameless,0,1,1
name,0,1,1
nada,0,1,1
nachos,0,1,1
mysterious,0,1,1
musty,0,1,1
mushroom,0,1,1
museum,0,1,1
muffled,0,1,1
muffin,0,1,1
movie,0,1,1
motorcycle,0,1,1
moose,0,1,1
mood,0,1,1
monster,0,1,1
monkeys,0,1,1
mold,0,1,1
models,0,1,1
mode,0,1,1
mix,0,1,1
mistaken,0,1,1
missed,0,1,1
miserable,0,1,1
mirage,0,1,1
minivans,0,1,1
minimart,0,1,1
mind,0,1,1
mile,0,1,1
microchip,0,1,1
metallic,0,1,1
merely,0,1,1
men,0,1,1
meetings,0,1,1
mayors,0,1,1
math,0,1,1
master,0,1,1
masks,0,1,1
marrying,0,1,1
marry,0,1,1
marlie,0,1,1
mark,0,1,1
making,0,1,1
magical,0,1,1
lunch,0,1,1
loud,0,1,1
loss,0,1,1
lon,0,1,1
lollypop,0,1,1
loki,0,1,1
logic,0,1,1
lodge,0,1,1
locked,0,1,1
lives,0,1,1
liver,0,1,1
lived,0,1,1
listening,0,1,1
lincoln,0,1,1
limp,0,1,1
lights,0,1,1
legal,0,1,1
leftover,0,1,1
leaving,0,1,1
leaves,0,1,1
league,0,1,1
lady,0,1,1
la,0,1,1
knee,0,1,1
kinds,0,1,1
killing,0,1,1
kiddin,0,1,1
judge,0,1,1
jubentis,0,1,1
joins,0,1,1
joe,0,1,1
jerry,0,1,1
jerk,0,1,1
jaded,0,1,1
instead,0,1,1
instant,0,1,1
insanity,0,1,1
influence,0,1,1
impressionable,0,1,1
impetit,0,1,1
immune,0,1,1
imitation,0,1,1
imitated,0,1,1
imagination,0,1,1
ideas,0,1,1
hum,0,1,1
hubble,0,1,1
howls,0,1,1
howdy,0,1,1
hot,0,1,1
honor,0,1,1
homes,0,1,1
holiday,0,1,1
hips,0,1,1
hints,0,1,1
hinges,0,1,1
hieroglyphics,0,1,1
hiding,0,1,1
hid,0,1,1
heres,0,1,1
hereditary,0,1,1
herb,0,1,1
helps,0,1,1
hed,0,1,1
heads,0,1,1
headless,0,1,1
headache,0,1,1
haunts,0,1,1
hateful,0,1,1
hanging,0,1,1
handful,0,1,1
handed,0,1,1
hallucinating,0,1,1
hairstyling,0,1,1
hades,0,1,1
gwendolyn,0,1,1
guts,0,1,1
gunther,0,1,1
gum,0,1,1
guggenheim,0,1,1
grown,0,1,1
growing,0,1,1
grounded,0,1,1
grip,0,1,1
graveyards,0,1,1
grandmothers,0,1,1
grandkids,0,1,1
goose,0,1,1
goin,0,1,1
gnomes,0,1,1
gnome,0,1,1
glory,0,1,1
glo,0,1,1
glad,0,1,1
giving,0,1,1
generations,0,1,1
gang,0,1,1
gander,0,1,1
gah,0,1,1
fungus,0,1,1
fumes,0,1,1
frozen,0,1,1
frightening,0,1,1
freezes,0,1,1
freak,0,1,1
frankenstein,0,1,1
formula,0,1,1
forgotten,0,1,1
forces,0,1,1
forced,0,1,1
foolish,0,1,1
fooled,0,1,1
food,0,1,1
follows,0,1,1
followed,0,1,1
folks,0,1,1
flowers,0,1,1
flights,0,1,1
fitness,0,1,1
fit,0,1,1
fish,0,1,1
finishing,0,1,1
finish,0,1,1
fingertips,0,1,1
finds,0,1,1
filet,0,1,1
field,0,1,1
fetch,0,1,1
fell,0,1,1
feelings,0,1,1
fast,0,1,1
fare,0,1,1
fall,0,1,1
failed,0,1,1
faces,0,1,1
eyeballs,0,1,1
explore,0,1,1
explain,0,1,1
expert,0,1,1
exotic,0,1,1
exist,0,1,1
exiled,0,1,1
exile,0,1,1
excuses,0,1,1
exciting,0,1,1
excited,0,1,1
excellent,0,1,1
evening,0,1,1
eureka,0,1,1
espresso,0,1,1
escape,0,1,1
enjoy,0,1,1
english,0,1,1
energy,0,1,1
energies,0,1,1
encyclopedia,0,1,1
encouragement,0,1,1
emergency,0,1,1
electricity,0,1,1
election,0,1,1
egyptian,0,1,1
eggs,0,1,1
eating,0,1,1
earlier,0,1,1
ear,0,1,1
dying,0,1,1
dybbuks,0,1,1
dryers,0,1,1
dropping,0,1,1
drop,0,1,1
drives,0,1,1
drinking,0,1,1
dreadful,0,1,1
drawing,0,1,1
dragonfly,0,1,1
dozens,0,1,1
dow,0,1,1
doorknob,0,1,1
dollars,0,1,1
dogs,0,1,1
documentary,0,1,1
doctor,0,1,1
doc,0,1,1
district,0,1,1
distance,0,1,1
disobey,0,1,1
disneylands,0,1,1
disease,0,1,1
discussion,0,1,1
discovered,0,1,1
directional,0,1,1
differently,0,1,1
dictu,0,1,1
details,0,1,1
detailing,0,1,1
destiny,0,1,1
depressed,0,1,1
demon,0,1,1
deluxe,0,1,1
delayed,0,1,1
degrees,0,1,1
degree,0,1,1
defies,0,1,1
death,0,1,1
dears,0,1,1
dawn,0,1,1
dated,0,1,1
darling,0,1,1
dank,0,1,1
daddy,0,1,1
curb,0,1,1
cupidinis,0,1,1
cs,0,1,1
cruise,0,1,1
cross,0,1,1
cromwwell,0,1,1
crispy,0,1,1
creaking,0,1,1
crashing,0,1,1
coven,0,1,1
copied,0,1,1
cookin,0,1,1
cookbook,0,1,1
cook,0,1,1
controlled,0,1,1
continues,0,1,1
construction,0,1,1
conserve,0,1,1
consequences,0,1,1
conquering,0,1,1
conquer,0,1,1
confess,0,1,1
concentrate,0,1,1
completion,0,1,1
completely,0,1,1
compared,0,1,1
comes,0,1,1
comedian,0,1,1
clock,0,1,1
cleveland,0,1,1
clan,0,1,1
claims,0,1,1
citizens,0,1,1
ciente,0,1,1
chrome,0,1,1
chose,0,1,1
choices,0,1,1
chocolate,0,1,1
childhood,0,1,1
chickens,0,1,1
chez,0,1,1
cheering,0,1,1
chattering,0,1,1
charter,0,1,1
characters,0,1,1
character,0,1,1
chaos,0,1,1
chaney,0,1,1
certainly,0,1,1
certain,0,1,1
cereal,0,1,1
cellar,0,1,1
cawing,0,1,1
cavities,0,1,1
causes,0,1,1
cauldron,0,1,1
carpet,0,1,1
candle,0,1,1
cackles,0,1,1
cab,0,1,1
buses,0,1,1
bury,0,1,1
burning,0,1,1
bums,0,1,1
bs,0,1,1
brothers,0,1,1
broken,0,1,1
bristles,0,1,1
bringing,0,1,1
bride,0,1,1
breakfast,0,1,1
brave,0,1,1
brat,0,1,1
boys,0,1,1
box,0,1,1
bowls,0,1,1
bowling,0,1,1
bowl,0,1,1
borealis,0,1,1
boo,0,1,1
bonehead,0,1,1
bogeyman,0,1,1
body,0,1,1
blue,0,1,1
blade,0,1,1
bitten,0,1,1
bite,0,1,1
birthright,0,1,1
bikinis,0,1,1
benighted,0,1,1
bend,0,1,1
belong,0,1,1
believing,0,1,1
beeping,0,1,1
beds,0,1,1
beauty,0,1,1
beating,0,1,1
battle,0,1,1
barking,0,1,1
bar,0,1,1
banshees,0,1,1
baked,0,1,1
badgering,0,1,1
babysitter,0,1,1
awake,0,1,1
aw,0,1,1
available,0,1,1
aurora,0,1,1
audience,0,1,1
attention,0,1,1
arthurs,0,1,1
arthur,0,1,1
arms,0,1,1
arguing,0,1,1
argh,0,1,1
arbor,0,1,1
appreciates,0,1,1
apple,0,1,1
apologize,0,1,1
annoys,0,1,1
animatronic,0,1,1
animal,0,1,1
ancient,0,1,1
amazing,0,1,1
alive,0,1,1
aleck,0,1,1
agua,0,1,1
ages,0,1,1
afterlife,0,1,1
added,0,1,1
acid,0,1,1
absolutely,0,1,1
abracadabra,0,1,1
abominable,0,1,1