word,Halloweentown,Return to Halloweentown,total
just,67,81,148
im,60,63,123
oh,83,37,120
do,56,55,111
know,66,42,108
marnie,36,69,105
like,64,34,98
dont,54,40,94
get,53,31,84
magic,16,61,77
come,51,20,71
grandma,56,11,67
youre,32,33,65
go,47,18,65
thats,32,27,59
mom,31,27,58
dylan,14,42,56
right,33,22,55
want,25,28,53
hey,25,26,51
cant,23,28,51
yeah,23,27,50
see,39,11,50
ok,20,29,49
halloweentown,17,31,48
cromwell,14,34,48
witch,19,28,47
did,25,22,47
good,23,19,42
gonna,30,12,42
use,5,36,41
time,23,18,41
thing,30,10,40
look,27,12,39
yes,23,15,38
think,19,19,38
help,21,17,38
going,19,19,38
mother,30,7,37
got,26,11,37
really,17,19,36
mean,23,13,36
power,2,30,32
back,22,10,32
world,20,11,31
shes,17,14,31
halloween,19,12,31
dear,24,7,31
make,13,17,30
need,10,19,29
man,11,18,29
little,17,12,29
witches,15,13,28
ooh,25,3,28
didnt,17,11,28
sorry,10,17,27
said,14,13,27
ill,15,12,27
whats,8,17,25
uh,13,12,25
stop,15,10,25
say,10,15,25
powers,14,10,24
lets,21,3,24
let,17,7,24
two,13,10,23
kids,17,6,23
home,16,7,23
great,6,17,23
box,1,22,23
sophie,20,2,22
maybe,12,10,22
ive,12,10,22
am,15,7,22
way,13,8,21
tell,10,11,21
open,7,14,21
keep,10,11,21
give,13,8,21
theres,11,9,20
fine,6,14,20
doesnt,16,4,20
big,15,5,20
talk,6,13,19
find,5,14,19
bet,18,1,19
youve,14,4,18
thank,9,9,18
take,11,7,18
hes,10,8,18
doing,9,9,18
bye,14,4,18
thanks,13,4,17
mortal,10,7,17
does,11,6,17
wait,8,8,16
um,10,6,16
three,3,13,16
spell,8,8,16
queen,1,15,16
put,14,2,16
please,12,4,16
long,12,4,16
kind,7,9,16
gwen,12,4,16
gotta,9,7,16
believe,7,9,16
bad,11,5,16
away,5,11,16
wont,6,9,15
woman,2,13,15
turn,12,3,15
thought,8,7,15
things,8,7,15
theyre,6,9,15
stuff,14,1,15
hello,7,8,15
family,5,10,15
wow,8,6,14
room,1,13,14
night,6,8,14
knew,5,9,14
isnt,5,9,14
hi,6,8,14
guys,8,6,14
came,10,4,14
call,4,10,14
years,3,10,13
using,1,12,13
screaming,2,11,13
school,4,9,13
coming,12,1,13
brother,3,10,13
benny,2,11,13
bell,4,9,13
work,5,7,12
tonight,4,8,12
stay,5,7,12
rule,1,11,12
place,8,4,12
old,8,4,12
life,10,2,12
id,5,7,12
huh,10,2,12
cromwells,8,4,12
boy,3,9,12
actually,7,5,12
wrong,5,6,11
whoo,9,2,11
sure,5,6,11
soon,5,6,11
people,4,7,11
forever,5,6,11
excuse,9,2,11
door,4,7,11
broom,6,5,11
book,7,4,11
ah,9,2,11
aggie,7,4,11
whoa,4,6,10
weve,6,4,10
wanted,3,7,10
try,5,5,10
trust,3,7,10
special,5,5,10
show,7,3,10
remember,5,5,10
real,6,4,10
powerful,7,3,10
normal,9,1,10
nice,6,4,10
miss,2,8,10
love,1,9,10
laughing,4,6,10
hours,8,2,10
hair,8,2,10
ha,9,1,10
creatures,6,4,10
course,7,3,10
class,2,8,10
worry,8,1,9
wish,2,7,9
weird,7,2,9
used,5,4,9
understand,5,4,9
trying,8,1,9
trouble,6,3,9
training,8,1,9
totally,5,4,9
stroke,8,1,9
save,5,4,9
read,2,7,9
part,5,4,9
midnight,3,6,9
leave,5,4,9
havent,6,3,9
guess,8,1,9
future,2,7,9
days,6,3,9
dark,5,4,9
bring,4,5,9
better,8,1,9
wants,3,5,8
tolling,1,7,8
talking,5,3,8
sisters,1,7,8
ringing,3,5,8
ready,1,7,8
minute,5,3,8
magical,1,7,8
made,5,3,8
live,7,1,8
girl,2,6,8
getting,6,2,8
found,3,5,8
father,4,4,8
anyway,5,3,8
youll,1,6,7
youd,3,4,7
ya,6,1,7
trick,6,1,7
start,5,2,7
spells,4,3,7
pretty,5,2,7
plus,3,4,7
needs,2,5,7
needed,1,6,7
name,1,6,7
moaning,6,1,7
laughter,4,3,7
job,5,2,7
grandmother,1,6,7
grandmas,6,1,7
everybody,4,3,7
done,3,4,7
dad,3,4,7
cool,5,2,7
careful,5,2,7
blowing,2,5,7
young,3,3,6
wouldnt,2,4,6
works,4,2,6
working,5,1,6
witchs,3,3,6
welcome,1,5,6
wasnt,4,2,6
true,5,1,6
tried,4,2,6
supposed,3,3,6
somebodys,5,1,6
simple,3,3,6
shell,5,1,6
says,3,3,6
run,3,3,6
quite,4,2,6
promise,1,5,6
perfect,2,4,6
peace,1,5,6
party,5,1,6
ow,5,1,6
monsters,5,1,6
mine,3,3,6
looking,2,4,6
learn,1,5,6
idea,4,2,6
hoo,4,2,6
high,1,5,6
having,2,4,6
grunting,2,4,6
gone,2,4,6
fun,2,4,6
friends,3,3,6
dream,3,3,6
dinner,5,1,6
crowd,3,3,6
chattering,1,5,6
ancient,1,5,6
ago,3,3,6
absolutely,1,5,6
year,2,3,5
wonderful,2,3,5
whispering,3,2,5
wheres,2,3,5
watch,3,2,5
warlock,3,2,5
truth,2,3,5
train,3,2,5
times,3,2,5
sweetie,2,3,5
stupid,1,4,5
speak,1,4,5
sit,2,3,5
sister,4,1,5
secret,1,4,5
probably,3,2,5
number,4,1,5
lose,2,3,5
lock,2,3,5
late,3,2,5
kid,3,2,5
inside,1,4,5
important,3,2,5
hold,3,2,5
heard,1,4,5
head,4,1,5
hang,2,3,5
handsome,2,3,5
guy,4,1,5
funny,2,3,5
force,4,1,5
food,1,4,5
destroy,2,3,5
couldnt,2,3,5
child,2,3,5
cheering,1,4,5
check,2,3,5
cause,2,3,5
cast,1,4,5
barking,1,4,5
baby,3,2,5
ask,3,2,5
anymore,2,3,5
agatha,2,3,5
worlds,2,2,4
told,2,2,4
thinking,3,1,4
teach,2,2,4
sweet,2,2,4
sounded,1,3,4
snot,2,2,4
smart,3,1,4
serious,3,1,4
seen,1,3,4
seeing,2,2,4
screeching,3,1,4
saying,1,3,4
rumbling,2,2,4
round,2,2,4
reason,3,1,4
reading,1,3,4
proud,1,3,4
poor,2,2,4
pitched,1,3,4
new,2,2,4
mothers,2,2,4
mortals,3,1,4
moment,2,2,4
missing,2,2,4
met,2,2,4
means,1,3,4
luck,3,1,4
lovely,1,3,4
lot,3,1,4
losing,2,2,4
looks,3,1,4
locked,1,3,4
light,3,1,4
king,2,2,4
join,3,1,4
happy,2,2,4
happening,3,1,4
glass,2,2,4
gave,1,3,4
full,1,3,4
forces,1,3,4
finally,3,1,4
feel,3,1,4
fast,1,3,4
eye,3,1,4
em,2,2,4
dude,2,2,4
dog,3,1,4
disappear,2,2,4
different,2,2,4
deal,2,2,4
dead,2,2,4
date,2,2,4
cute,2,2,4
creature,3,1,4
called,2,2,4
buy,1,3,4
break,2,2,4
boys,1,3,4
bone,2,2,4
worked,1,2,3
word,1,2,3
wondered,2,1,3
went,1,2,3
waiting,2,1,3
visit,1,2,3
unfair,1,2,3
today,2,1,3
thinks,2,1,3
telling,2,1,3
swear,1,2,3
stronger,2,1,3
strange,1,2,3
someplace,2,1,3
sir,1,2,3
shut,2,1,3
shh,2,1,3
seriously,1,2,3
send,1,2,3
second,1,2,3
scary,1,2,3
safe,1,2,3
running,2,1,3
ride,2,1,3
rest,1,2,3
quick,2,1,3
pumpkin,2,1,3
problem,1,2,3
prepare,1,2,3
precious,2,1,3
playing,1,2,3
past,1,2,3
ones,2,1,3
move,2,1,3
merlins,2,1,3
math,1,2,3
lucky,2,1,3
loved,2,1,3
loud,1,2,3
lady,1,2,3
knows,1,2,3
ingredients,2,1,3
hows,1,2,3
hoping,2,1,3
hoped,2,1,3
hope,2,1,3
honey,1,2,3
hide,1,2,3
hasnt,1,2,3
hard,2,1,3
happen,2,1,3
hand,2,1,3
half,2,1,3
grunts,1,2,3
groaning,1,2,3
goodness,2,1,3
flying,1,2,3
fly,1,2,3
field,1,2,3
far,2,1,3
fact,2,1,3
face,2,1,3
extra,1,2,3
explain,1,2,3
ew,2,1,3
everyones,1,2,3
enjoy,1,2,3
dress,1,2,3
dears,1,2,3
daddy,1,2,3
continue,2,1,3
citizens,1,2,3
chicken,2,1,3
chatter,2,1,3
changed,2,1,3
calling,2,1,3
brooms,2,1,3
born,2,1,3
boring,2,1,3
bit,2,1,3
best,2,1,3
begin,1,2,3
assume,1,2,3
arthur,1,2,3
arent,1,2,3
aint,2,1,3
wondering,1,1,2
wild,1,1,2
wears,1,1,2
warlocks,1,1,2
volunteer,1,1,2
ugly,1,1,2
twice,1,1,2
trap,1,1,2
touch,1,1,2
title,1,1,2
till,1,1,2
third,1,1,2
terrible,1,1,2
talked,1,1,2
taking,1,1,2
street,1,1,2
stand,1,1,2
sounds,1,1,2
sound,1,1,2
somethings,1,1,2
smallest,1,1,2
slams,1,1,2
silly,1,1,2
short,1,1,2
set,1,1,2
sesame,1,1,2
scratch,1,1,2
saw,1,1,2
salad,1,1,2
respect,1,1,2
prefer,1,1,2
pick,1,1,2
personally,1,1,2
person,1,1,2
outside,1,1,2
offer,1,1,2
obviously,1,1,2
obsessed,1,1,2
nose,1,1,2
nights,1,1,2
nada,1,1,2
muffled,1,1,2
moved,1,1,2
motorcycle,1,1,2
monster,1,1,2
mocking,1,1,2
mind,1,1,2
merlin,1,1,2
meet,1,1,2
mark,1,1,2
making,1,1,2
likes,1,1,2
league,1,1,2
la,1,1,2
kinds,1,1,2
jerk,1,1,2
ice,1,1,2
hiding,1,1,2
hid,1,1,2
heres,1,1,2
hed,1,1,2
headless,1,1,2
happened,1,1,2
handed,1,1,2
grow,1,1,2
glad,1,1,2
giving,1,1,2
gets,1,1,2
gasps,1,1,2
front,1,1,2
frog,1,1,2
forgot,1,1,2
forced,1,1,2
follows,1,1,2
flowers,1,1,2
fetch,1,1,2
feeling,1,1,2
fall,1,1,2
fairy,1,1,2
expert,1,1,2
exist,1,1,2
exile,1,1,2
exciting,1,1,2
educational,1,1,2
discussion,1,1,2
discovered,1,1,2
destiny,1,1,2
death,1,1,2
darling,1,1,2
cream,1,1,2
creaking,1,1,2
continues,1,1,2
consequences,1,1,2
completely,1,1,2
comes,1,1,2
characters,1,1,2
cauldron,1,1,2
boyfriend,1,1,2
books,1,1,2
boo,1,1,2
bend,1,1,2
applause,1,1,2
apologize,1,1,2
amazing,1,1,2
able,1,1,2
bus,20,0,20
talisman,14,0,14
sighs,12,0,12
children,12,0,12
calabar,11,0,11
human,10,0,10
house,10,0,10
evil,9,0,9
march,8,0,8
luke,8,0,8
ghost,8,0,8
chance,7,0,7
werewolf,6,0,6
vampires,6,0,6
sweat,6,0,6
mm,6,0,6
mayor,6,0,6
hm,6,0,6
hear,6,0,6
guythur,6,0,6
fight,6,0,6
end,6,0,6
presents,5,0,5
harriet,5,0,5
gugaun,5,0,5
ghosts,5,0,5
day,5,0,5
cookie,5,0,5
candy,5,0,5
bid,5,0,5
attendant,5,0,5
vu,4,0,4
turned,4,0,4
town,4,0,4
sweetheart,4,0,4
suppose,4,0,4
story,4,0,4
reveal,4,0,4
return,4,0,4
pretend,4,0,4
mommy,4,0,4
later,4,0,4
follow,4,0,4
dja,4,0,4
cledyfrutm,4,0,4
awesome,4,0,4
anoeth,4,0,4
whered,3,0,3
tired,3,0,3
statues,3,0,3
soph,3,0,3
soapy,3,0,3
shadow,3,0,3
screams,3,0,3
roots,3,0,3
panic,3,0,3
neat,3,0,3
movies,3,0,3
marnies,3,0,3
lost,3,0,3
lit,3,0,3
laughs,3,0,3
kitchen,3,0,3
involved,3,0,3
installing,3,0,3
hurt,3,0,3
humming,3,0,3
humans,3,0,3
grammy,3,0,3
goes,3,0,3
fellow,3,0,3
fang,3,0,3
especially,3,0,3
eh,3,0,3
dumb,3,0,3
drive,3,0,3
decorations,3,0,3
decided,3,0,3
crazy,3,0,3
couldve,3,0,3
costume,3,0,3
care,3,0,3
caffeine,3,0,3
button,3,0,3
brew,3,0,3
betty,3,0,3
bed,3,0,3
appreciate,3,0,3
afraid,3,0,3
aboard,3,0,3
yay,2,0,2
worst,2,0,2
wiener,2,0,2
whistles,2,0,2
whistle,2,0,2
wall,2,0,2
vegetables,2,0,2
vampire,2,0,2
tv,2,0,2
treating,2,0,2
treat,2,0,2
trained,2,0,2
traditions,2,0,2
tradition,2,0,2
tomorrow,2,0,2
tires,2,0,2
th,2,0,2
stopping,2,0,2
started,2,0,2
squawks,2,0,2
spore,2,0,2
sleep,2,0,2
skeletons,2,0,2
sick,2,0,2
shopping,2,0,2
shop,2,0,2
shoe,2,0,2
shelter,2,0,2
sell,2,0,2
schedule,2,0,2
river,2,0,2
recipe,2,0,2
ran,2,0,2
raise,2,0,2
punk,2,0,2
polite,2,0,2
plenty,2,0,2
pins,2,0,2
overlapping,2,0,2
ornament,2,0,2
nutcase,2,0,2
needles,2,0,2
nature,2,0,2
moving,2,0,2
mouth,2,0,2
moms,2,0,2
mistake,2,0,2
local,2,0,2
line,2,0,2
lift,2,0,2
leftovers,2,0,2
keeps,2,0,2
jobs,2,0,2
itll,2,0,2
iron,2,0,2
install,2,0,2
hung,2,0,2
heart,2,0,2
handle,2,0,2
grownup,2,0,2
goblins,2,0,2
fill,2,0,2
fighting,2,0,2
fear,2,0,2
eat,2,0,2
duh,2,0,2
dressed,2,0,2
drat,2,0,2
downer,2,0,2
distract,2,0,2
disappeared,2,0,2
daughter,2,0,2
darkness,2,0,2
dare,2,0,2
dangerous,2,0,2
couple,2,0,2
costumes,2,0,2
chowder,2,0,2
cheese,2,0,2
celebrate,2,0,2
catch,2,0,2
buying,2,0,2
buster,2,0,2
bunch,2,0,2
bubble,2,0,2
bag,2,0,2
asleep,2,0,2
altogether,2,0,2
age,2,0,2
admit,2,0,2
zip,1,0,1
zero,1,0,1
youth,1,0,1
yells,1,0,1
yee,1,0,1
write,1,0,1
wrap,1,0,1
worried,1,0,1
wor,1,0,1
woods,1,0,1
wonderfully,1,0,1
wolfies,1,0,1
wolf,1,0,1
wished,1,0,1
winning,1,0,1
winner,1,0,1
windsweeper,1,0,1
win,1,0,1
williams,1,0,1
wiccan,1,0,1
welsh,1,0,1
weirdo,1,0,1
weeks,1,0,1
wastrel,1,0,1
waste,1,0,1
washed,1,0,1
warts,1,0,1
wanna,1,0,1
vivida,1,0,1
visits,1,0,1
video,1,0,1
vi,1,0,1
verge,1,0,1
vastly,1,0,1
vanquished,1,0,1
vacation,1,0,1
urgent,1,0,1
urban,1,0,1
upstairs,1,0,1
upsetting,1,0,1
upset,1,0,1
upitidas,1,0,1
unless,1,0,1
unibody,1,0,1
underworld,1,0,1
underestimate,1,0,1
uncovered,1,0,1
unchecked,1,0,1
ugliest,1,0,1
ugh,1,0,1
twerp,1,0,1
turns,1,0,1
turning,1,0,1
troubles,1,0,1
troublemakers,1,0,1
trimmings,1,0,1
tricks,1,0,1
trees,1,0,1
treatment,1,0,1
transparent,1,0,1
toxic,1,0,1
top,1,0,1
tooth,1,0,1
toil,1,0,1
tight,1,0,1
tie,1,0,1
tickets,1,0,1
ticket,1,0,1
thursday,1,0,1
threatens,1,0,1
thinning,1,0,1
thermostat,1,0,1
theirs,1,0,1
thee,1,0,1
theater,1,0,1
thatll,1,0,1
thatd,1,0,1
tend,1,0,1
technician,1,0,1
taste,1,0,1
tantrum,1,0,1
taller,1,0,1
taken,1,0,1
tackle,1,0,1
system,1,0,1
swimming,1,0,1
sweeping,1,0,1
sundae,1,0,1
sulfuric,1,0,1
suitcase,1,0,1
suit,1,0,1
suffice,1,0,1
suffer,1,0,1
success,1,0,1
styx,1,0,1
stuffs,1,0,1
studies,1,0,1
streets,1,0,1
store,1,0,1
stomach,1,0,1
stolen,1,0,1
stir,1,0,1
stinky,1,0,1
sticky,1,0,1
stereotypes,1,0,1
step,1,0,1
static,1,0,1
starts,1,0,1
stars,1,0,1
stare,1,0,1
standing,1,0,1
squishing,1,0,1
squawking,1,0,1
square,1,0,1
springer,1,0,1
spread,1,0,1
spook,1,0,1
split,1,0,1
spirits,1,0,1
spirit,1,0,1
spends,1,0,1
specifically,1,0,1
speaking,1,0,1
sorts,1,0,1
songs,1,0,1
song,1,0,1
snowman,1,0,1
snazzier,1,0,1
smelled,1,0,1
smell,1,0,1
slobbering,1,0,1
slimiest,1,0,1
sky,1,0,1
skinner,1,0,1
sixth,1,0,1
six,1,0,1
signs,1,0,1
shrub,1,0,1
shrimp,1,0,1
shows,1,0,1
showing,1,0,1
showed,1,0,1
shot,1,0,1
shelves,1,0,1
shed,1,0,1
settled,1,0,1
settle,1,0,1
separate,1,0,1
sea,1,0,1
scheduling,1,0,1
scare,1,0,1
savory,1,0,1
saving,1,0,1
sand,1,0,1
sance,1,0,1
sake,1,0,1
sadie,1,0,1
rush,1,0,1
runs,1,0,1
ruler,1,0,1
ruled,1,0,1
rooms,1,0,1
rite,1,0,1
risks,1,0,1
rightfully,1,0,1
rhyme,1,0,1
residents,1,0,1
resemblance,1,0,1
replacement,1,0,1
repelle,1,0,1
removes,1,0,1
removed,1,0,1
remembering,1,0,1
recruit,1,0,1
reclaim,1,0,1
reasons,1,0,1
razor,1,0,1
raunchiest,1,0,1
radio,1,0,1
rad,1,0,1
quod,1,0,1
quiet,1,0,1
quarter,1,0,1
pushed,1,0,1
purpose,1,0,1
purple,1,0,1
pumpkins,1,0,1
pta,1,0,1
proves,1,0,1
protecting,1,0,1
protect,1,0,1
properly,1,0,1
proper,1,0,1
professionals,1,0,1
problems,1,0,1
prince,1,0,1
pretending,1,0,1
precisely,1,0,1
practice,1,0,1
practically,1,0,1
pouring,1,0,1
potato,1,0,1
possibly,1,0,1
point,1,0,1
plastic,1,0,1
plans,1,0,1
pimple,1,0,1
picked,1,0,1
period,1,0,1
pentagram,1,0,1
pat,1,0,1
passed,1,0,1
passage,1,0,1
pardon,1,0,1
panting,1,0,1
palm,1,0,1
pain,1,0,1
overrated,1,0,1
overnight,1,0,1
ought,1,0,1
original,1,0,1
omelets,1,0,1
odor,1,0,1
odds,1,0,1
occur,1,0,1
obvious,1,0,1
notebook,1,0,1
nos,1,0,1
nicest,1,0,1
nicely,1,0,1
neighbors,1,0,1
neighbor,1,0,1
natures,1,0,1
nameless,1,0,1
nachos,1,0,1
myth,1,0,1
mysterious,1,0,1
musty,1,0,1
mushroom,1,0,1
museum,1,0,1
muffin,1,0,1
mr,1,0,1
movie,1,0,1
moose,1,0,1
mood,1,0,1
monkeys,1,0,1
mold,1,0,1
models,1,0,1
mode,1,0,1
mix,1,0,1
mistaken,1,0,1
missed,1,0,1
miserable,1,0,1
mirage,1,0,1
minivans,1,0,1
minimart,1,0,1
mile,1,0,1
microchip,1,0,1
metallic,1,0,1
message,1,0,1
merely,1,0,1
men,1,0,1
meetings,1,0,1
mayors,1,0,1
match,1,0,1
master,1,0,1
masks,1,0,1
mask,1,0,1
marrying,1,0,1
marry,1,0,1
marlie,1,0,1
lunch,1,0,1
loss,1,0,1
lon,1,0,1
lollypop,1,0,1
loki,1,0,1
logic,1,0,1
lodge,1,0,1
lives,1,0,1
liver,1,0,1
lived,1,0,1
listening,1,0,1
lincoln,1,0,1
limp,1,0,1
lights,1,0,1
legal,1,0,1
leftover,1,0,1
left,1,0,1
leaving,1,0,1
leaves,1,0,1
knee,1,0,1
kiss,1,0,1
killing,1,0,1
kiddin,1,0,1
kept,1,0,1
judge,1,0,1
jubentis,1,0,1
joins,1,0,1
joe,1,0,1
jerry,1,0,1
jaded,1,0,1
interested,1,0,1
instead,1,0,1
instant,1,0,1
insanity,1,0,1
influence,1,0,1
impressionable,1,0,1
impossible,1,0,1
impetit,1,0,1
immune,1,0,1
imitation,1,0,1
imitated,1,0,1
imagination,1,0,1
ideas,1,0,1
hypnotized,1,0,1
hungry,1,0,1
hum,1,0,1
huge,1,0,1
hubble,1,0,1
howls,1,0,1
howdy,1,0,1
hour,1,0,1
hot,1,0,1
horrible,1,0,1
honor,1,0,1
homes,1,0,1
holiday,1,0,1
hit,1,0,1
hips,1,0,1
hints,1,0,1
hinges,1,0,1
hieroglyphics,1,0,1
hereditary,1,0,1
herb,1,0,1
helps,1,0,1
hell,1,0,1
heads,1,0,1
headache,1,0,1
haunts,1,0,1
hateful,1,0,1
hanging,1,0,1
handful,1,0,1
hallucinating,1,0,1
hairstyling,1,0,1
hades,1,0,1
gwens,1,0,1
gwendolyn,1,0,1
guts,1,0,1
gunther,1,0,1
gum,1,0,1
guggenheim,1,0,1
grown,1,0,1
growing,1,0,1
grounded,1,0,1
grip,1,0,1
graveyards,1,0,1
grandmothers,1,0,1
grandkids,1,0,1
goose,1,0,1
goodbye,1,0,1
goin,1,0,1
gnomes,1,0,1
gnome,1,0,1
glory,1,0,1
glo,1,0,1
gives,1,0,1
generations,1,0,1
gang,1,0,1
gander,1,0,1
gah,1,0,1
fungus,1,0,1
fumes,1,0,1
frustrating,1,0,1
frozen,1,0,1
frightening,1,0,1
freezes,1,0,1
freak,1,0,1
frankenstein,1,0,1
formula,1,0,1
forgotten,1,0,1
forget,1,0,1
foolish,1,0,1
fooled,1,0,1
followed,1,0,1
folks,1,0,1
flights,1,0,1
fitness,1,0,1
fit,1,0,1
fish,1,0,1
finishing,1,0,1
finish,1,0,1
fingertips,1,0,1
finds,1,0,1
filet,1,0,1
figure,1,0,1
felt,1,0,1
fell,1,0,1
feelings,1,0,1
feared,1,0,1
fare,1,0,1
failed,1,0,1
faces,1,0,1
fabulous,1,0,1
eyeballs,1,0,1
explore,1,0,1
expected,1,0,1
exotic,1,0,1
exiled,1,0,1
excuses,1,0,1
excited,1,0,1
excellent,1,0,1
everybodys,1,0,1
evening,1,0,1
eureka,1,0,1
espresso,1,0,1
escape,1,0,1
english,1,0,1
engine,1,0,1
energy,1,0,1
energies,1,0,1
ends,1,0,1
encyclopedia,1,0,1
encouragement,1,0,1
emergency,1,0,1
electricity,1,0,1
election,1,0,1
egyptian,1,0,1
eggs,1,0,1
eating,1,0,1
earlier,1,0,1
ear,1,0,1
dying,1,0,1
dybbuks,1,0,1
dryers,1,0,1
dropping,1,0,1
drop,1,0,1
drives,1,0,1
driver,1,0,1
drinking,1,0,1
dreadful,1,0,1
drawing,1,0,1
dragonfly,1,0,1
dozens,1,0,1
dow,1,0,1
doorknob,1,0,1
dollars,1,0,1
dogs,1,0,1
documentary,1,0,1
doctor,1,0,1
doc,1,0,1
district,1,0,1
distance,1,0,1
disobey,1,0,1
disneylands,1,0,1
disease,1,0,1
directional,1,0,1
differently,1,0,1
dictu,1,0,1
details,1,0,1
detailing,1,0,1
depressed,1,0,1
demon,1,0,1
deluxe,1,0,1
delayed,1,0,1
degrees,1,0,1
degree,1,0,1
defies,1,0,1
decide,1,0,1
dawn,1,0,1
dated,1,0,1
dank,1,0,1
curb,1,0,1
cupidinis,1,0,1
cs,1,0,1
cruise,1,0,1
cross,1,0,1
cromwwell,1,0,1
croaking,1,0,1
crispy,1,0,1
create,1,0,1
crashing,1,0,1
coven,1,0,1
count,1,0,1
copied,1,0,1
cookin,1,0,1
cookbook,1,0,1
cook,1,0,1
controlled,1,0,1
contest,1,0,1
construction,1,0,1
conserve,1,0,1
conquering,1,0,1
conquer,1,0,1
confess,1,0,1
concentrate,1,0,1
completion,1,0,1
compared,1,0,1
comedian,1,0,1
closing,1,0,1
closed,1,0,1
clock,1,0,1
cleveland,1,0,1
clear,1,0,1
clan,1,0,1
claims,1,0,1
ciente,1,0,1
chuckles,1,0,1
chrome,1,0,1
chose,1,0,1
choices,1,0,1
chocolate,1,0,1
childhood,1,0,1
chickens,1,0,1
chez,1,0,1
charter,1,0,1
character,1,0,1
chaos,1,0,1
chaney,1,0,1
certainly,1,0,1
certain,1,0,1
cereal,1,0,1
century,1,0,1
cellar,1,0,1
cawing,1,0,1
cavities,1,0,1
causes,1,0,1
carpet,1,0,1
candle,1,0,1
cackles,1,0,1
cab,1,0,1
busy,1,0,1
business,1,0,1
buses,1,0,1
bury,1,0,1
burning,1,0,1
bums,1,0,1
bs,1,0,1
brought,1,0,1
brothers,1,0,1
broken,1,0,1
bristles,1,0,1
bringing,1,0,1
bride,1,0,1
breaking,1,0,1
breakfast,1,0,1
brave,1,0,1
brat,1,0,1
bowls,1,0,1
bowling,1,0,1
bowl,1,0,1
boss,1,0,1
borealis,1,0,1
bones,1,0,1
bonehead,1,0,1
bogeyman,1,0,1
body,1,0,1
blue,1,0,1
blade,1,0,1
bitten,1,0,1
bite,1,0,1
birthright,1,0,1
bikinis,1,0,1
benighted,1,0,1
belong,1,0,1
believing,1,0,1
beeping,1,0,1
bedtime,1,0,1
beds,1,0,1
beauty,1,0,1
beating,1,0,1
battle,1,0,1
bar,1,0,1
banshees,1,0,1
baked,1,0,1
badgering,1,0,1
babysitter,1,0,1
awful,1,0,1
aware,1,0,1
awake,1,0,1
aw,1,0,1
available,1,0,1
aurora,1,0,1
audience,1,0,1
attention,1,0,1
arthurs,1,0,1
arrived,1,0,1
arms,1,0,1
arguing,1,0,1
argh,1,0,1
arbor,1,0,1
appreciates,1,0,1
apple,1,0,1
annoys,1,0,1
animatronic,1,0,1
animal,1,0,1
alive,1,0,1
aleck,1,0,1
ahh,1,0,1
agua,1,0,1
aggies,1,0,1
ages,1,0,1
afterlife,1,0,1
added,1,0,1
acid,1,0,1
abracadabra,1,0,1
abominable,1,0,1
bus,0,20,20
talisman,0,14,14
sighs,0,12,12
children,0,12,12
calabar,0,11,11
human,0,10,10
house,0,10,10
evil,0,9,9
march,0,8,8
luke,0,8,8
ghost,0,8,8
chance,0,7,7
werewolf,0,6,6
vampires,0,6,6
sweat,0,6,6
mm,0,6,6
mayor,0,6,6
hm,0,6,6
hear,0,6,6
guythur,0,6,6
fight,0,6,6
end,0,6,6
presents,0,5,5
harriet,0,5,5
gugaun,0,5,5
ghosts,0,5,5
day,0,5,5
cookie,0,5,5
candy,0,5,5
bid,0,5,5
attendant,0,5,5
vu,0,4,4
turned,0,4,4
town,0,4,4
sweetheart,0,4,4
suppose,0,4,4
story,0,4,4
reveal,0,4,4
return,0,4,4
pretend,0,4,4
mommy,0,4,4
later,0,4,4
follow,0,4,4
dja,0,4,4
cledyfrutm,0,4,4
awesome,0,4,4
anoeth,0,4,4
whered,0,3,3
tired,0,3,3
statues,0,3,3
soph,0,3,3
soapy,0,3,3
shadow,0,3,3
screams,0,3,3
roots,0,3,3
panic,0,3,3
neat,0,3,3
movies,0,3,3
marnies,0,3,3
lost,0,3,3
lit,0,3,3
laughs,0,3,3
kitchen,0,3,3
involved,0,3,3
installing,0,3,3
hurt,0,3,3
humming,0,3,3
humans,0,3,3
grammy,0,3,3
goes,0,3,3
fellow,0,3,3
fang,0,3,3
especially,0,3,3
eh,0,3,3
dumb,0,3,3
drive,0,3,3
decorations,0,3,3
decided,0,3,3
crazy,0,3,3
couldve,0,3,3
costume,0,3,3
care,0,3,3
caffeine,0,3,3
button,0,3,3
brew,0,3,3
betty,0,3,3
bed,0,3,3
appreciate,0,3,3
afraid,0,3,3
aboard,0,3,3
yay,0,2,2
worst,0,2,2
wiener,0,2,2
whistles,0,2,2
whistle,0,2,2
wall,0,2,2
vegetables,0,2,2
vampire,0,2,2
tv,0,2,2
treating,0,2,2
treat,0,2,2
trained,0,2,2
traditions,0,2,2
tradition,0,2,2
tomorrow,0,2,2
tires,0,2,2
th,0,2,2
stopping,0,2,2
started,0,2,2
squawks,0,2,2
spore,0,2,2
sleep,0,2,2
skeletons,0,2,2
sick,0,2,2
shopping,0,2,2
shop,0,2,2
shoe,0,2,2
shelter,0,2,2
sell,0,2,2
schedule,0,2,2
river,0,2,2
recipe,0,2,2
ran,0,2,2
raise,0,2,2
punk,0,2,2
polite,0,2,2
plenty,0,2,2
pins,0,2,2
overlapping,0,2,2
ornament,0,2,2
nutcase,0,2,2
needles,0,2,2
nature,0,2,2
moving,0,2,2
mouth,0,2,2
moms,0,2,2
mistake,0,2,2
local,0,2,2
line,0,2,2
lift,0,2,2
leftovers,0,2,2
keeps,0,2,2
jobs,0,2,2
itll,0,2,2
iron,0,2,2
install,0,2,2
hung,0,2,2
heart,0,2,2
handle,0,2,2
grownup,0,2,2
goblins,0,2,2
fill,0,2,2
fighting,0,2,2
fear,0,2,2
eat,0,2,2
duh,0,2,2
dressed,0,2,2
drat,0,2,2
downer,0,2,2
distract,0,2,2
disappeared,0,2,2
daughter,0,2,2
darkness,0,2,2
dare,0,2,2
dangerous,0,2,2
couple,0,2,2
costumes,0,2,2
chowder,0,2,2
cheese,0,2,2
celebrate,0,2,2
catch,0,2,2
buying,0,2,2
buster,0,2,2
bunch,0,2,2
bubble,0,2,2
bag,0,2,2
asleep,0,2,2
altogether,0,2,2
age,0,2,2
admit,0,2,2
zip,0,1,1
zero,0,1,1
youth,0,1,1
yells,0,1,1
yee,0,1,1
write,0,1,1
wrap,0,1,1
worried,0,1,1
wor,0,1,1
woods,0,1,1
wonderfully,0,1,1
wolfies,0,1,1
wolf,0,1,1
wished,0,1,1
winning,0,1,1
winner,0,1,1
windsweeper,0,1,1
win,0,1,1
williams,0,1,1
wiccan,0,1,1
welsh,0,1,1
weirdo,0,1,1
weeks,0,1,1
wastrel,0,1,1
waste,0,1,1
washed,0,1,1
warts,0,1,1
wanna,0,1,1
vivida,0,1,1
visits,0,1,1
video,0,1,1
vi,0,1,1
verge,0,1,1
vastly,0,1,1
vanquished,0,1,1
vacation,0,1,1
urgent,0,1,1
urban,0,1,1
upstairs,0,1,1
upsetting,0,1,1
upset,0,1,1
upitidas,0,1,1
unless,0,1,1
unibody,0,1,1
underworld,0,1,1
underestimate,0,1,1
uncovered,0,1,1
unchecked,0,1,1
ugliest,0,1,1
ugh,0,1,1
twerp,0,1,1
turns,0,1,1
turning,0,1,1
troubles,0,1,1
troublemakers,0,1,1
trimmings,0,1,1
tricks,0,1,1
trees,0,1,1
treatment,0,1,1
transparent,0,1,1
toxic,0,1,1
top,0,1,1
tooth,0,1,1
toil,0,1,1
tight,0,1,1
tie,0,1,1
tickets,0,1,1
ticket,0,1,1
thursday,0,1,1
threatens,0,1,1
thinning,0,1,1
thermostat,0,1,1
theirs,0,1,1
thee,0,1,1
theater,0,1,1
thatll,0,1,1
thatd,0,1,1
tend,0,1,1
technician,0,1,1
taste,0,1,1
tantrum,0,1,1
taller,0,1,1
taken,0,1,1
tackle,0,1,1
system,0,1,1
swimming,0,1,1
sweeping,0,1,1
sundae,0,1,1
sulfuric,0,1,1
suitcase,0,1,1
suit,0,1,1
suffice,0,1,1
suffer,0,1,1
success,0,1,1
styx,0,1,1
stuffs,0,1,1
studies,0,1,1
streets,0,1,1
store,0,1,1
stomach,0,1,1
stolen,0,1,1
stir,0,1,1
stinky,0,1,1
sticky,0,1,1
stereotypes,0,1,1
step,0,1,1
static,0,1,1
starts,0,1,1
stars,0,1,1
stare,0,1,1
standing,0,1,1
squishing,0,1,1
squawking,0,1,1
square,0,1,1
springer,0,1,1
spread,0,1,1
spook,0,1,1
split,0,1,1
spirits,0,1,1
spirit,0,1,1
spends,0,1,1
specifically,0,1,1
speaking,0,1,1
sorts,0,1,1
songs,0,1,1
song,0,1,1
snowman,0,1,1
snazzier,0,1,1
smelled,0,1,1
smell,0,1,1
slobbering,0,1,1
slimiest,0,1,1
sky,0,1,1
skinner,0,1,1
sixth,0,1,1
six,0,1,1
signs,0,1,1
shrub,0,1,1
shrimp,0,1,1
shows,0,1,1
showing,0,1,1
showed,0,1,1
shot,0,1,1
shelves,0,1,1
shed,0,1,1
settled,0,1,1
settle,0,1,1
separate,0,1,1
sea,0,1,1
scheduling,0,1,1
scare,0,1,1
savory,0,1,1
saving,0,1,1
sand,0,1,1
sance,0,1,1
sake,0,1,1
sadie,0,1,1
rush,0,1,1
runs,0,1,1
ruler,0,1,1
ruled,0,1,1
rooms,0,1,1
rite,0,1,1
risks,0,1,1
rightfully,0,1,1
rhyme,0,1,1
residents,0,1,1
resemblance,0,1,1
replacement,0,1,1
repelle,0,1,1
removes,0,1,1
removed,0,1,1
remembering,0,1,1
recruit,0,1,1
reclaim,0,1,1
reasons,0,1,1
razor,0,1,1
raunchiest,0,1,1
radio,0,1,1
rad,0,1,1
quod,0,1,1
quiet,0,1,1
quarter,0,1,1
pushed,0,1,1
purpose,0,1,1
purple,0,1,1
pumpkins,0,1,1
pta,0,1,1
proves,0,1,1
protecting,0,1,1
protect,0,1,1
properly,0,1,1
proper,0,1,1
professionals,0,1,1
problems,0,1,1
prince,0,1,1
pretending,0,1,1
precisely,0,1,1
practice,0,1,1
practically,0,1,1
pouring,0,1,1
potato,0,1,1
possibly,0,1,1
point,0,1,1
plastic,0,1,1
plans,0,1,1
pimple,0,1,1
picked,0,1,1
period,0,1,1
pentagram,0,1,1
pat,0,1,1
passed,0,1,1
passage,0,1,1
pardon,0,1,1
panting,0,1,1
palm,0,1,1
pain,0,1,1
overrated,0,1,1
overnight,0,1,1
ought,0,1,1
original,0,1,1
omelets,0,1,1
odor,0,1,1
odds,0,1,1
occur,0,1,1
obvious,0,1,1
notebook,0,1,1
nos,0,1,1
nicest,0,1,1
nicely,0,1,1
neighbors,0,1,1
neighbor,0,1,1
natures,0,1,1
nameless,0,1,1
nachos,0,1,1
myth,0,1,1
mysterious,0,1,1
musty,0,1,1
mushroom,0,1,1
museum,0,1,1
muffin,0,1,1
mr,0,1,1
movie,0,1,1
moose,0,1,1
mood,0,1,1
monkeys,0,1,1
mold,0,1,1
models,0,1,1
mode,0,1,1
mix,0,1,1
mistaken,0,1,1
missed,0,1,1
miserable,0,1,1
mirage,0,1,1
minivans,0,1,1
minimart,0,1,1
mile,0,1,1
microchip,0,1,1
metallic,0,1,1
message,0,1,1
merely,0,1,1
men,0,1,1
meetings,0,1,1
mayors,0,1,1
match,0,1,1
master,0,1,1
masks,0,1,1
mask,0,1,1
marrying,0,1,1
marry,0,1,1
marlie,0,1,1
lunch,0,1,1
loss,0,1,1
lon,0,1,1
lollypop,0,1,1
loki,0,1,1
logic,0,1,1
lodge,0,1,1
lives,0,1,1
liver,0,1,1
lived,0,1,1
listening,0,1,1
lincoln,0,1,1
limp,0,1,1
lights,0,1,1
legal,0,1,1
leftover,0,1,1
left,0,1,1
leaving,0,1,1
leaves,0,1,1
knee,0,1,1
kiss,0,1,1
killing,0,1,1
kiddin,0,1,1
kept,0,1,1
judge,0,1,1
jubentis,0,1,1
joins,0,1,1
joe,0,1,1
jerry,0,1,1
jaded,0,1,1
interested,0,1,1
instead,0,1,1
instant,0,1,1
insanity,0,1,1
influence,0,1,1
impressionable,0,1,1
impossible,0,1,1
impetit,0,1,1
immune,0,1,1
imitation,0,1,1
imitated,0,1,1
imagination,0,1,1
ideas,0,1,1
hypnotized,0,1,1
hungry,0,1,1
hum,0,1,1
huge,0,1,1
hubble,0,1,1
howls,0,1,1
howdy,0,1,1
hour,0,1,1
hot,0,1,1
horrible,0,1,1
honor,0,1,1
homes,0,1,1
holiday,0,1,1
hit,0,1,1
hips,0,1,1
hints,0,1,1
hinges,0,1,1
hieroglyphics,0,1,1
hereditary,0,1,1
herb,0,1,1
helps,0,1,1
hell,0,1,1
heads,0,1,1
headache,0,1,1
haunts,0,1,1
hateful,0,1,1
hanging,0,1,1
handful,0,1,1
hallucinating,0,1,1
hairstyling,0,1,1
hades,0,1,1
gwens,0,1,1
gwendolyn,0,1,1
guts,0,1,1
gunther,0,1,1
gum,0,1,1
guggenheim,0,1,1
grown,0,1,1
growing,0,1,1
grounded,0,1,1
grip,0,1,1
graveyards,0,1,1
grandmothers,0,1,1
grandkids,0,1,1
goose,0,1,1
goodbye,0,1,1
goin,0,1,1
gnomes,0,1,1
gnome,0,1,1
glory,0,1,1
glo,0,1,1
gives,0,1,1
generations,0,1,1
gang,0,1,1
gander,0,1,1
gah,0,1,1
fungus,0,1,1
fumes,0,1,1
frustrating,0,1,1
frozen,0,1,1
frightening,0,1,1
freezes,0,1,1
freak,0,1,1
frankenstein,0,1,1
formula,0,1,1
forgotten,0,1,1
forget,0,1,1
foolish,0,1,1
fooled,0,1,1
followed,0,1,1
folks,0,1,1
flights,0,1,1
fitness,0,1,1
fit,0,1,1
fish,0,1,1
finishing,0,1,1
finish,0,1,1
fingertips,0,1,1
finds,0,1,1
filet,0,1,1
figure,0,1,1
felt,0,1,1
fell,0,1,1
feelings,0,1,1
feared,0,1,1
fare,0,1,1
failed,0,1,1
faces,0,1,1
fabulous,0,1,1
eyeballs,0,1,1
explore,0,1,1
expected,0,1,1
exotic,0,1,1
exiled,0,1,1
excuses,0,1,1
excited,0,1,1
excellent,0,1,1
everybodys,0,1,1
evening,0,1,1
eureka,0,1,1
espresso,0,1,1
escape,0,1,1
english,0,1,1
engine,0,1,1
energy,0,1,1
energies,0,1,1
ends,0,1,1
encyclopedia,0,1,1
encouragement,0,1,1
emergency,0,1,1
electricity,0,1,1
election,0,1,1
egyptian,0,1,1
eggs,0,1,1
eating,0,1,1
earlier,0,1,1
ear,0,1,1
dying,0,1,1
dybbuks,0,1,1
dryers,0,1,1
dropping,0,1,1
drop,0,1,1
drives,0,1,1
driver,0,1,1
drinking,0,1,1
dreadful,0,1,1
drawing,0,1,1
dragonfly,0,1,1
dozens,0,1,1
dow,0,1,1
doorknob,0,1,1
dollars,0,1,1
dogs,0,1,1
documentary,0,1,1
doctor,0,1,1
doc,0,1,1
district,0,1,1
distance,0,1,1
disobey,0,1,1
disneylands,0,1,1
disease,0,1,1
directional,0,1,1
differently,0,1,1
dictu,0,1,1
details,0,1,1
detailing,0,1,1
depressed,0,1,1
demon,0,1,1
deluxe,0,1,1
delayed,0,1,1
degrees,0,1,1
degree,0,1,1
defies,0,1,1
decide,0,1,1
dawn,0,1,1
dated,0,1,1
dank,0,1,1
curb,0,1,1
cupidinis,0,1,1
cs,0,1,1
cruise,0,1,1
cross,0,1,1
cromwwell,0,1,1
croaking,0,1,1
crispy,0,1,1
create,0,1,1
crashing,0,1,1
coven,0,1,1
count,0,1,1
copied,0,1,1
cookin,0,1,1
cookbook,0,1,1
cook,0,1,1
controlled,0,1,1
contest,0,1,1
construction,0,1,1
conserve,0,1,1
conquering,0,1,1
conquer,0,1,1
confess,0,1,1
concentrate,0,1,1
completion,0,1,1
compared,0,1,1
comedian,0,1,1
closing,0,1,1
closed,0,1,1
clock,0,1,1
cleveland,0,1,1
clear,0,1,1
clan,0,1,1
claims,0,1,1
ciente,0,1,1
chuckles,0,1,1
chrome,0,1,1
chose,0,1,1
choices,0,1,1
chocolate,0,1,1
childhood,0,1,1
chickens,0,1,1
chez,0,1,1
charter,0,1,1
character,0,1,1
chaos,0,1,1
chaney,0,1,1
certainly,0,1,1
certain,0,1,1
cereal,0,1,1
century,0,1,1
cellar,0,1,1
cawing,0,1,1
cavities,0,1,1
causes,0,1,1
carpet,0,1,1
candle,0,1,1
cackles,0,1,1
cab,0,1,1
busy,0,1,1
business,0,1,1
buses,0,1,1
bury,0,1,1
burning,0,1,1
bums,0,1,1
bs,0,1,1
brought,0,1,1
brothers,0,1,1
broken,0,1,1
bristles,0,1,1
bringing,0,1,1
bride,0,1,1
breaking,0,1,1
breakfast,0,1,1
brave,0,1,1
brat,0,1,1
bowls,0,1,1
bowling,0,1,1
bowl,0,1,1
boss,0,1,1
borealis,0,1,1
bones,0,1,1
bonehead,0,1,1
bogeyman,0,1,1
body,0,1,1
blue,0,1,1
blade,0,1,1
bitten,0,1,1
bite,0,1,1
birthright,0,1,1
bikinis,0,1,1
benighted,0,1,1
belong,0,1,1
believing,0,1,1
beeping,0,1,1
bedtime,0,1,1
beds,0,1,1
beauty,0,1,1
beating,0,1,1
battle,0,1,1
bar,0,1,1
banshees,0,1,1
baked,0,1,1
badgering,0,1,1
babysitter,0,1,1
awful,0,1,1
aware,0,1,1
awake,0,1,1
aw,0,1,1
available,0,1,1
aurora,0,1,1
audience,0,1,1
attention,0,1,1
arthurs,0,1,1
arrived,0,1,1
arms,0,1,1
arguing,0,1,1
argh,0,1,1
arbor,0,1,1
appreciates,0,1,1
apple,0,1,1
annoys,0,1,1
animatronic,0,1,1
animal,0,1,1
alive,0,1,1
aleck,0,1,1
ahh,0,1,1
agua,0,1,1
aggies,0,1,1
ages,0,1,1
afterlife,0,1,1
added,0,1,1
acid,0,1,1
abracadabra,0,1,1
abominable,0,1,1