word,Harry Potter and the Sorcerers Stone,The Devils,total
father,5,62,67
oh,39,22,61
see,31,25,56
man,19,34,53
go,36,17,53
back,41,6,47
come,29,16,45
looks,43,1,44
good,22,22,44
dont,21,22,43
yes,12,28,40
know,22,18,40
im,27,11,38
love,1,35,36
head,30,2,32
thats,21,9,30
take,12,18,30
like,18,12,30
way,16,13,29
think,15,14,29
right,23,6,29
tell,12,16,28
name,15,13,28
youre,19,8,27
mr,21,6,27
look,17,9,26
away,15,11,26
comes,22,3,25
two,18,6,24
sister,1,23,24
day,17,7,24
boy,23,1,24
make,15,8,23
going,17,6,23
want,10,12,22
please,13,9,22
house,15,7,22
hes,13,9,22
give,8,14,22
dead,3,18,21
shall,1,19,20
need,7,13,20
mother,4,16,20
help,10,10,20
devil,1,19,20
time,9,10,19
stop,11,8,19
people,11,8,19
great,16,3,19
bit,18,1,19
letter,16,2,18
course,8,10,18
hands,16,1,17
hand,15,2,17
done,6,11,17
thing,5,11,16
put,9,7,16
new,6,10,16
find,9,7,16
called,13,3,16
walking,12,3,15
theres,9,6,15
sir,12,3,15
gets,14,1,15
family,13,2,15
face,8,7,15
outside,13,1,14
mean,7,7,14
little,7,7,14
letters,11,3,14
leave,10,4,14
ive,8,6,14
cant,10,4,14
appears,12,2,14
woman,7,6,13
takes,12,1,13
room,11,2,13
youve,6,6,12
years,9,3,12
walk,11,1,12
turn,8,4,12
three,10,2,12
pain,2,10,12
night,6,6,12
morning,3,9,12
holy,1,11,12
gone,6,6,12
eyes,7,5,12
evil,2,10,12
didnt,10,2,12
child,1,11,12
begin,10,2,12
youll,6,5,11
wish,3,8,11
whats,9,2,11
welcome,10,1,11
mind,7,4,11
life,3,8,11
left,6,5,11
ground,9,2,11
found,3,8,11
fire,6,5,11
body,1,10,11
year,8,2,10
work,6,4,10
wood,9,1,10
try,6,4,10
theyre,6,4,10
speak,2,8,10
sorry,8,2,10
sees,9,1,10
seen,5,5,10
really,8,2,10
quickly,8,2,10
long,5,5,10
leaves,9,1,10
hell,5,5,10
heard,6,4,10
hair,9,1,10
end,4,6,10
bring,2,8,10
blood,3,7,10
world,3,6,9
walls,1,8,9
understand,4,5,9
true,3,6,9
things,4,5,9
thank,4,5,9
remember,5,4,9
place,4,5,9
move,6,3,9
keep,7,2,9
inside,6,3,9
immediately,8,1,9
front,7,2,9
follow,8,1,9
excuse,8,1,9
dark,8,1,9
attention,8,1,9
ask,2,7,9
wont,5,3,8
witch,6,2,8
thought,3,5,8
stone,5,3,8
start,6,2,8
soul,1,7,8
reveal,7,1,8
old,6,2,8
nose,7,1,8
moment,4,4,8
lets,6,2,8
important,3,5,8
bless,1,7,8
better,7,1,8
believe,3,5,8
bad,7,1,8
went,5,2,7
wait,5,2,7
told,4,3,7
stand,3,4,7
soon,3,4,7
sign,3,4,7
save,2,5,7
ready,2,5,7
past,6,1,7
matter,2,5,7
light,5,2,7
isnt,6,1,7
hope,1,6,7
hmm,4,3,7
gave,6,1,7
full,4,3,7
fly,6,1,7
doors,5,2,7
daughter,1,6,7
best,6,1,7
baron,2,5,7
afternoon,6,1,7
yesterday,2,4,6
words,4,2,6
week,4,2,6
watch,5,1,6
wake,5,1,6
waiting,2,4,6
trust,4,2,6
took,3,3,6
today,4,2,6
taken,4,2,6
sort,4,2,6
small,4,2,6
real,4,2,6
quietly,5,1,6
possession,3,3,6
parents,5,1,6
living,3,3,6
lies,1,5,6
late,3,3,6
ill,3,3,6
hurry,4,2,6
floor,5,1,6
expect,4,2,6
dog,5,1,6
cut,3,3,6
burn,1,5,6
young,3,2,5
wicked,4,1,5
water,3,2,5
wasnt,3,2,5
trying,3,2,5
torn,1,4,5
teacher,3,2,5
strength,1,4,5
stay,3,2,5
state,1,4,5
standing,4,1,5
speaking,2,3,5
simple,1,4,5
silence,2,3,5
shes,1,4,5
saying,3,2,5
reading,4,1,5
quiet,3,2,5
question,1,4,5
part,2,3,5
ought,2,3,5
making,4,1,5
lost,2,3,5
known,4,1,5
havent,2,3,5
happy,4,1,5
happened,4,1,5
fast,4,1,5
entire,1,4,5
doesnt,4,1,5
die,1,4,5
death,3,2,5
creatures,1,4,5
continue,4,1,5
common,4,1,5
clear,4,1,5
change,3,2,5
business,4,1,5
brought,2,3,5
black,2,3,5
baby,4,1,5
youd,3,1,4
wonder,3,1,4
white,3,1,4
view,3,1,4
usual,1,3,4
use,1,3,4
uncle,3,1,4
ugly,2,2,4
touched,2,2,4
top,3,1,4
times,3,1,4
surprised,3,1,4
step,2,2,4
stands,3,1,4
speaks,1,3,4
six,2,2,4
sink,3,1,4
shut,3,1,4
shoulder,3,1,4
short,3,1,4
set,1,3,4
seeing,3,1,4
roof,3,1,4
read,3,1,4
quite,2,2,4
prove,1,3,4
proud,1,3,4
possess,1,3,4
pleasure,1,3,4
pleased,2,2,4
plaque,3,1,4
person,1,3,4
pay,3,1,4
pass,3,1,4
nasty,2,2,4
mark,2,2,4
lived,3,1,4
killed,3,1,4
kill,3,1,4
imagine,2,2,4
holds,3,1,4
hold,1,3,4
heads,3,1,4
having,3,1,4
half,3,1,4
guard,3,1,4
gold,3,1,4
given,1,3,4
gentlemen,1,3,4
four,3,1,4
forgotten,2,2,4
follows,2,2,4
feel,2,2,4
far,3,1,4
exactly,3,1,4
eh,3,1,4
doubt,1,3,4
crying,2,2,4
coming,2,2,4
close,2,2,4
catch,3,1,4
care,1,3,4
bye,2,2,4
book,1,3,4
almighty,1,3,4
worst,1,2,3
witches,1,2,3
weve,1,2,3
wear,1,2,3
weak,1,2,3
voice,1,2,3
turned,1,2,3
tried,2,1,3
touches,1,2,3
touch,1,2,3
thousands,1,2,3
tears,1,2,3
steps,2,1,3
son,1,2,3
smiling,1,2,3
single,1,2,3
shh,1,2,3
seven,2,1,3
safe,1,2,3
round,2,1,3
revealed,2,1,3
point,1,2,3
pity,2,1,3
perfect,2,1,3
opinion,2,1,3
ones,2,1,3
noise,2,1,3
money,2,1,3
mistake,2,1,3
minute,2,1,3
meet,2,1,3
means,2,1,3
made,1,2,3
lovely,2,1,3
live,1,2,3
listen,2,1,3
line,1,2,3
lily,2,1,3
kings,1,2,3
kinds,1,2,3
hurt,1,2,3
horror,2,1,3
honestly,2,1,3
hed,2,1,3
hasnt,2,1,3
hang,1,2,3
grey,2,1,3
greatest,1,2,3
goodness,1,2,3
ghost,2,1,3
frightened,1,2,3
freedom,1,2,3
forbidden,2,1,3
foolish,2,1,3
flames,1,2,3
finished,2,1,3
fact,1,2,3
example,1,2,3
enters,2,1,3
enter,2,1,3
ends,1,2,3
easy,2,1,3
early,1,2,3
drive,2,1,3
difficult,2,1,3
cross,1,2,3
cousin,1,2,3
couldnt,1,2,3
confused,2,1,3
concerned,2,1,3
ceremony,1,2,3
case,1,2,3
call,2,1,3
broken,2,1,3
bottom,1,2,3
bedroom,2,1,3
bed,1,2,3
ashes,1,2,3
arts,2,1,3
allowed,1,2,3
afraid,1,2,3
address,2,1,3
yeah,1,1,2
write,1,1,2
wouldnt,1,1,2
worth,1,1,2
worse,1,1,2
worked,1,1,2
wishes,1,1,2
wheres,1,1,2
wed,1,1,2
watching,1,1,2
upstairs,1,1,2
travelling,1,1,2
trap,1,1,2
touching,1,1,2
todays,1,1,2
teaching,1,1,2
tale,1,1,2
summer,1,1,2
strange,1,1,2
steady,1,1,2
special,1,1,2
somebody,1,1,2
shouldnt,1,1,2
shining,1,1,2
senses,1,1,2
select,1,1,2
second,1,1,2
season,1,1,2
sea,1,1,2
saw,1,1,2
return,1,1,2
reptile,1,1,2
remind,1,1,2
reason,1,1,2
pushed,1,1,2
problem,1,1,2
presses,1,1,2
powerful,1,1,2
powdered,1,1,2
playing,1,1,2
played,1,1,2
pieces,1,1,2
pale,1,1,2
ordinary,1,1,2
occasionally,1,1,2
objects,1,1,2
notice,1,1,2
names,1,1,2
nailed,1,1,2
moving,1,1,2
moved,1,1,2
miserable,1,1,2
mine,1,1,2
midnight,1,1,2
met,1,1,2
mad,1,1,2
lose,1,1,2
lit,1,1,2
leaving,1,1,2
learned,1,1,2
lake,1,1,2
keeps,1,1,2
judgment,1,1,2
journey,1,1,2
hit,1,1,2
hidden,1,1,2
hear,1,1,2
grow,1,1,2
fortunate,1,1,2
forget,1,1,2
flock,1,1,2
flame,1,1,2
five,1,1,2
feeling,1,1,2
fault,1,1,2
fascinating,1,1,2
families,1,1,2
fall,1,1,2
fair,1,1,2
enjoy,1,1,2
egg,1,1,2
ease,1,1,2
distressed,1,1,2
destined,1,1,2
desire,1,1,2
deserted,1,1,2
delicate,1,1,2
decided,1,1,2
darling,1,1,2
covered,1,1,2
courage,1,1,2
content,1,1,2
concern,1,1,2
cloud,1,1,2
clothes,1,1,2
certain,1,1,2
came,1,1,2
brighten,1,1,2
break,1,1,2
born,1,1,2
blow,1,1,2
bewitched,1,1,2
belong,1,1,2
battle,1,1,2
background,1,1,2
audience,1,1,2
assuring,1,1,2
aside,1,1,2
art,1,1,2
answer,1,1,2
anger,1,1,2
ago,1,1,2
accepted,1,1,2
harry,376,0,376
ron,111,0,111
hagrid,103,0,103
hermione,84,0,84
vernon,53,0,53
dudley,46,0,46
mcgonagall,44,0,44
potter,34,0,34
snape,31,0,31
petunia,31,0,31
wand,30,0,30
gryffindor,29,0,29
neville,28,0,28
dumbledore,28,0,28
draco,26,0,26
students,25,0,25
troll,24,0,24
hogwarts,24,0,24
professor,23,0,23
door,23,0,23
hooch,22,0,22
broom,22,0,22
slytherin,21,0,21
points,19,0,19
later,19,0,19
ahh,18,0,18
quirrell,17,0,17
notices,17,0,17
goes,17,0,17
oliver,16,0,16
hat,16,0,16
percy,15,0,15
wall,14,0,14
suddenly,14,0,14
snake,14,0,14
seeker,14,0,14
jumps,14,0,14
class,14,0,14
ball,14,0,14
whoa,13,0,13
walks,13,0,13
turns,13,0,13
sorting,13,0,13
snitch,13,0,13
quidditch,13,0,13
harrys,13,0,13
fred,13,0,13
stops,12,0,12
seamus,12,0,12
grabs,12,0,12
weasley,11,0,11
sitting,11,0,11
nods,11,0,11
large,11,0,11
hall,11,0,11
game,11,0,11
corridor,11,0,11
tower,10,0,10
run,10,0,10
puts,10,0,10
pulls,10,0,10
mrs,10,0,10
lee,10,0,10
hey,10,0,10
glass,10,0,10
girl,10,0,10
camera,10,0,10
air,10,0,10
ah,10,0,10
table,9,0,9
sits,9,0,9
owls,9,0,9
looking,9,0,9
george,9,0,9
cat,9,0,9
broomstick,9,0,9
begins,9,0,9
zooms,8,0,8
wizard,8,0,8
window,8,0,8
version,8,0,8
vault,8,0,8
train,8,0,8
stairs,8,0,8
staircase,8,0,8
runs,8,0,8
robes,8,0,8
red,8,0,8
pans,8,0,8
nick,8,0,8
longbottom,8,0,8
forward,8,0,8
cake,8,0,8
boys,8,0,8
trolls,7,0,7
street,7,0,7
starts,7,0,7
side,7,0,7
running,7,0,7
platform,7,0,7
open,7,0,7
magic,7,0,7
hello,7,0,7
flitwick,7,0,7
flies,7,0,7
falls,7,0,7
doing,7,0,7
disappears,7,0,7
crowd,7,0,7
amazed,7,0,7
whistle,6,0,6
throws,6,0,6
smiles,6,0,6
school,6,0,6
scar,6,0,6
rons,6,0,6
quaffle,6,0,6
owl,6,0,6
opens,6,0,6
ollivander,6,0,6
maybe,6,0,6
malfoy,6,0,6
lifts,6,0,6
laugh,6,0,6
knew,6,0,6
houses,6,0,6
gryffindors,6,0,6
grins,6,0,6
gringotts,6,0,6
goblin,6,0,6
gasps,6,0,6
feather,6,0,6
fat,6,0,6
closet,6,0,6
cloak,6,0,6
catches,6,0,6
birthday,6,0,6
albus,6,0,6
writing,5,0,5
waves,5,0,5
voldemort,5,0,5
uh,5,0,5
thanks,5,0,5
tall,5,0,5
talking,5,0,5
sure,5,0,5
stares,5,0,5
spell,5,0,5
sleeping,5,0,5
shakes,5,0,5
scores,5,0,5
raises,5,0,5
norris,5,0,5
normal,5,0,5
nice,5,0,5
nevilles,5,0,5
nearly,5,0,5
near,5,0,5
meows,5,0,5
luck,5,0,5
locked,5,0,5
leading,5,0,5
laughs,5,0,5
knowing,5,0,5
johnson,5,0,5
id,5,0,5
heh,5,0,5
hedwig,5,0,5
group,5,0,5
granger,5,0,5
flint,5,0,5
flashes,5,0,5
filch,5,0,5
famous,5,0,5
eye,5,0,5
extended,5,0,5
dursleys,5,0,5
doorway,5,0,5
diagon,5,0,5
cup,5,0,5
club,5,0,5
castle,5,0,5
car,5,0,5
box,5,0,5
blows,5,0,5
bathroom,5,0,5
alley,5,0,5
wrong,4,0,4
wingardium,4,0,4
whos,4,0,4
umbrella,4,0,4
toad,4,0,4
ticket,4,0,4
taking,4,0,4
store,4,0,4
stick,4,0,4
station,4,0,4
snickers,4,0,4
slytherins,4,0,4
slowly,4,0,4
sky,4,0,4
shrugs,4,0,4
screaming,4,0,4
scabbers,4,0,4
returns,4,0,4
players,4,0,4
picks,4,0,4
named,4,0,4
mum,4,0,4
mail,4,0,4
magically,4,0,4
madam,4,0,4
london,4,0,4
lands,4,0,4
lady,4,0,4
knows,4,0,4
knocked,4,0,4
kitchen,4,0,4
keeper,4,0,4
join,4,0,4
including,4,0,4
hoops,4,0,4
hits,4,0,4
headless,4,0,4
handle,4,0,4
gun,4,0,4
gulps,4,0,4
grounds,4,0,4
griphook,4,0,4
grab,4,0,4
gonna,4,0,4
glares,4,0,4
funny,4,0,4
forehead,4,0,4
flying,4,0,4
flick,4,0,4
finally,4,0,4
feet,4,0,4
eating,4,0,4
dursley,4,0,4
dudleys,4,0,4
dragon,4,0,4
desk,4,0,4
dad,4,0,4
curious,4,0,4
cracks,4,0,4
continues,4,0,4
cheers,4,0,4
cheering,4,0,4
cheer,4,0,4
cauldron,4,0,4
brick,4,0,4
bludger,4,0,4
bat,4,0,4
approach,4,0,4
zoom,3,0,3
zoo,3,0,3
yellow,3,0,3
wrist,3,0,3
wow,3,0,3
wizards,3,0,3
wizardry,3,0,3
wing,3,0,3
whispering,3,0,3
vast,3,0,3
tom,3,0,3
throat,3,0,3
thirty,3,0,3
team,3,0,3
teach,3,0,3
tch,3,0,3
swish,3,0,3
swipes,3,0,3
sunday,3,0,3
stupid,3,0,3
string,3,0,3
stool,3,0,3
stalls,3,0,3
staircases,3,0,3
sorted,3,0,3
soars,3,0,3
snapes,3,0,3
smile,3,0,3
smacks,3,0,3
slightly,3,0,3
slams,3,0,3
silent,3,0,3
sighs,3,0,3
shoots,3,0,3
shadow,3,0,3
seemingly,3,0,3
screams,3,0,3
score,3,0,3
scene,3,0,3
scared,3,0,3
rises,3,0,3
rips,3,0,3
remembrall,3,0,3
reads,3,0,3
reaches,3,0,3
raps,3,0,3
probably,3,0,3
potions,3,0,3
post,3,0,3
places,3,0,3
panic,3,0,3
painting,3,0,3
package,3,0,3
okay,3,0,3
nicholas,3,0,3
muggles,3,0,3
muggle,3,0,3
mouth,3,0,3
model,3,0,3
lightning,3,0,3
leviosa,3,0,3
letterbox,3,0,3
leg,3,0,3
leaky,3,0,3
leads,3,0,3
keys,3,0,3
key,3,0,3
job,3,0,3
itll,3,0,3
hufflepuff,3,0,3
hospital,3,0,3
hoo,3,0,3
holding,3,0,3
heres,3,0,3
hears,3,0,3
headed,3,0,3
happens,3,0,3
guarding,3,0,3
growls,3,0,3
golden,3,0,3
goblins,3,0,3
glows,3,0,3
glasses,3,0,3
girls,3,0,3
gestures,3,0,3
friends,3,0,3
fool,3,0,3
food,3,0,3
flash,3,0,3
fireplace,3,0,3
fine,3,0,3
fell,3,0,3
feathers,3,0,3
equipment,3,0,3
enclosure,3,0,3
em,3,0,3
dungeon,3,0,3
drops,3,0,3
dormitories,3,0,3
dirt,3,0,3
died,3,0,3
cupboard,3,0,3
crashing,3,0,3
crash,3,0,3
courtyard,3,0,3
corner,3,0,3
clever,3,0,3
clears,3,0,3
classroom,3,0,3
chocolate,3,0,3
causing,3,0,3
cart,3,0,3
candles,3,0,3
cage,3,0,3
buy,3,0,3
brooms,3,0,3
breaking,3,0,3
bowl,3,0,3
books,3,0,3
bolt,3,0,3
bloody,3,0,3
beaters,3,0,3
bank,3,0,3
balls,3,0,3
backs,3,0,3
arent,3,0,3
zaps,2,0,2
yay,2,0,2
ya,2,0,2
wrapped,2,0,2
worry,2,0,2
wormwood,2,0,2
working,2,0,2
witchcraft,2,0,2
win,2,0,2
whooa,2,0,2
whoo,2,0,2
whips,2,0,2
whacks,2,0,2
wearing,2,0,2
wavers,2,0,2
watches,2,0,2
wanting,2,0,2
wands,2,0,2
visibly,2,0,2
vanished,2,0,2
upwards,2,0,2
upset,2,0,2
uniform,2,0,2
trunk,2,0,2
trouble,2,0,2
trolley,2,0,2
transitioning,2,0,2
thumps,2,0,2
theyve,2,0,2
telling,2,0,2
teams,2,0,2
teachers,2,0,2
taps,2,0,2
tape,2,0,2
tail,2,0,2
tables,2,0,2
tabby,2,0,2
sweets,2,0,2
supposed,2,0,2
strictly,2,0,2
streets,2,0,2
straight,2,0,2
stormy,2,0,2
stomach,2,0,2
statue,2,0,2
standard,2,0,2
stall,2,0,2
spooky,2,0,2
spells,2,0,2
spear,2,0,2
spark,2,0,2
sofa,2,0,2
smoke,2,0,2
smeltings,2,0,2
smashes,2,0,2
silly,2,0,2
shriek,2,0,2
shows,2,0,2
shoves,2,0,2
shooting,2,0,2
shiny,2,0,2
sent,2,0,2
secret,2,0,2
seats,2,0,2
seat,2,0,2
screen,2,0,2
screeches,2,0,2
scatter,2,0,2
rushing,2,0,2
rushes,2,0,2
rum,2,0,2
rubeus,2,0,2
rising,2,0,2
riding,2,0,2
repeatedly,2,0,2
relief,2,0,2
reach,2,0,2
rd,2,0,2
rat,2,0,2
railing,2,0,2
rabbit,2,0,2
quirrells,2,0,2
pushes,2,0,2
privet,2,0,2
presents,2,0,2
present,2,0,2
pouring,2,0,2
potters,2,0,2
potion,2,0,2
positions,2,0,2
pops,2,0,2
pointing,2,0,2
pitch,2,0,2
perched,2,0,2
passes,2,0,2
parcels,2,0,2
paper,2,0,2
ow,2,0,2
ooh,2,0,2
ollivanders,2,0,2
numerous,2,0,2
number,2,0,2
noticing,2,0,2
note,2,0,2
nimbus,2,0,2
nighttime,2,0,2
mummy,2,0,2
ms,2,0,2
moves,2,0,2
mountain,2,0,2
mount,2,0,2
monkshood,2,0,2
misunderstood,2,0,2
miss,2,0,2
minutes,2,0,2
millions,2,0,2
lurches,2,0,2
lot,2,0,2
lock,2,0,2
list,2,0,2
limping,2,0,2
lighting,2,0,2
lifted,2,0,2
leviosar,2,0,2
leans,2,0,2
lead,2,0,2
lamp,2,0,2
knocks,2,0,2
knocking,2,0,2
knock,2,0,2
kick,2,0,2
jump,2,0,2
joy,2,0,2
jinxing,2,0,2
insulted,2,0,2
ink,2,0,2
iguana,2,0,2
hum,2,0,2
huge,2,0,2
hovers,2,0,2
hermiones,2,0,2
helping,2,0,2
harp,2,0,2
hard,2,0,2
happening,2,0,2
hallway,2,0,2
haired,2,0,2
hah,2,0,2
hadnt,2,0,2
grin,2,0,2
green,2,0,2
goons,2,0,2
gather,2,0,2
frog,2,0,2
freaks,2,0,2
forth,2,0,2
forest,2,0,2
followed,2,0,2
floating,2,0,2
flavour,2,0,2
fit,2,0,2
fires,2,0,2
filled,2,0,2
filchs,2,0,2
fear,2,0,2
fancies,2,0,2
fame,2,0,2
eyebrows,2,0,2
express,2,0,2
explosion,2,0,2
explain,2,0,2
expected,2,0,2
exit,2,0,2
exhibit,2,0,2
ew,2,0,2
essential,2,0,2
enunciate,2,0,2
empty,2,0,2
emerges,2,0,2
embarrassed,2,0,2
eerie,2,0,2
dumbledores,2,0,2
dressed,2,0,2
draws,2,0,2
drawn,2,0,2
dracos,2,0,2
double,2,0,2
dives,2,0,2
direction,2,0,2
ding,2,0,2
curse,2,0,2
crowded,2,0,2
counter,2,0,2
corridors,2,0,2
compartment,2,0,2
coins,2,0,2
coffee,2,0,2
climbs,2,0,2
clearly,2,0,2
classmates,2,0,2
cheek,2,0,2
checks,2,0,2
chasers,2,0,2
charred,2,0,2
ceiling,2,0,2
causes,2,0,2
carrying,2,0,2
card,2,0,2
busy,2,0,2
bundles,2,0,2
bunch,2,0,2
bucking,2,0,2
brown,2,0,2
brother,2,0,2
broke,2,0,2
bridge,2,0,2
breath,2,0,2
breakfast,2,0,2
boxes,2,0,2
bout,2,0,2
borrow,2,0,2
boats,2,0,2
bludgers,2,0,2
blown,2,0,2
blocks,2,0,2
blimey,2,0,2
blasted,2,0,2
bits,2,0,2
binoculars,2,0,2
bezoar,2,0,2
bends,2,0,2
beasts,2,0,2
beard,2,0,2
bats,2,0,2
bangs,2,0,2
bacon,2,0,2
awe,2,0,2
awarded,2,0,2
aunt,2,0,2
asphodel,2,0,2
asleep,2,0,2
asked,2,0,2
approaches,2,0,2
appear,2,0,2
angry,2,0,2
amount,2,0,2
amazement,2,0,2
alohomora,2,0,2
aisle,2,0,2
aiming,2,0,2
ahhhh,2,0,2
ahhh,2,0,2
ahead,2,0,2
agreement,2,0,2
aerial,2,0,2
adds,2,0,2
zips,1,0,1
yourselfs,1,0,1
youngest,1,0,1
yelp,1,0,1
yawns,1,0,1
wrote,1,0,1
wriggling,1,0,1
wretch,1,0,1
works,1,0,1
woods,1,0,1
wonderful,1,0,1
wondered,1,0,1
wolfsbane,1,0,1
wolfbane,1,0,1
woke,1,0,1
wizarding,1,0,1
withdrawal,1,0,1
wishing,1,0,1
wise,1,0,1
wiping,1,0,1
wipes,1,0,1
wings,1,0,1
wingardrium,1,0,1
wingard,1,0,1
winery,1,0,1
windowsill,1,0,1
windows,1,0,1
winces,1,0,1
whooaaa,1,0,1
whod,1,0,1
whoaa,1,0,1
whizzing,1,0,1
whispers,1,0,1
whirring,1,0,1
whimpers,1,0,1
whilst,1,0,1
whew,1,0,1
whelk,1,0,1
whatre,1,0,1
whacked,1,0,1
weaves,1,0,1
waving,1,0,1
wave,1,0,1
warning,1,0,1
walnut,1,0,1
wakes,1,0,1
waistcoat,1,0,1
wager,1,0,1
voldemorts,1,0,1
vo,1,0,1
versus,1,0,1
vernons,1,0,1
vent,1,0,1
vaults,1,0,1
vase,1,0,1
vanishing,1,0,1
vanishes,1,0,1
vanish,1,0,1
vampire,1,0,1
utter,1,0,1
upside,1,0,1
unwrapping,1,0,1
unpleasantly,1,0,1
unlocks,1,0,1
unless,1,0,1
unknown,1,0,1
underneath,1,0,1
underground,1,0,1
uncontrollably,1,0,1
uncontrolably,1,0,1
unconscious,1,0,1
um,1,0,1
tyke,1,0,1
twirls,1,0,1
twirling,1,0,1
twin,1,0,1
tv,1,0,1
turning,1,0,1
turban,1,0,1
tumbling,1,0,1
tube,1,0,1
tubby,1,0,1
trousers,1,0,1
trophy,1,0,1
troolll,1,0,1
triumphs,1,0,1
tripe,1,0,1
trio,1,0,1
tries,1,0,1
tricks,1,0,1
trevor,1,0,1
trapped,1,0,1
transforms,1,0,1
transfigure,1,0,1
transfiguration,1,0,1
trains,1,0,1
towers,1,0,1
tossing,1,0,1
tosses,1,0,1
torch,1,0,1
topples,1,0,1
toast,1,0,1
title,1,0,1
tired,1,0,1
tiny,1,0,1
tight,1,0,1
thw,1,0,1
thunks,1,0,1
thunder,1,0,1
thumping,1,0,1
thugs,1,0,1
thrown,1,0,1
throwing,1,0,1
threateningly,1,0,1
thread,1,0,1
thoughtful,1,0,1
thirst,1,0,1
thinks,1,0,1
theyll,1,0,1
terrorize,1,0,1
terrible,1,0,1
term,1,0,1
tenses,1,0,1
teammates,1,0,1
tea,1,0,1
tattered,1,0,1
taste,1,0,1
talked,1,0,1
talk,1,0,1
talent,1,0,1
taint,1,0,1
sync,1,0,1
swore,1,0,1
swooping,1,0,1
switching,1,0,1
swishing,1,0,1
swishes,1,0,1
sweet,1,0,1
sweared,1,0,1
swear,1,0,1
suspicously,1,0,1
susan,1,0,1
surrey,1,0,1
surprisingly,1,0,1
suppose,1,0,1
supports,1,0,1
support,1,0,1
supplies,1,0,1
sunshine,1,0,1
sun,1,0,1
sullenly,1,0,1
succeeds,1,0,1
subtle,1,0,1
subject,1,0,1
stumped,1,0,1
stuffs,1,0,1
structures,1,0,1
structure,1,0,1
stroking,1,0,1
strategize,1,0,1
straightens,1,0,1
stopping,1,0,1
stopper,1,0,1
stood,1,0,1
sticks,1,0,1
stepping,1,0,1
steaming,1,0,1
stature,1,0,1
startling,1,0,1
starting,1,0,1
started,1,0,1
squirming,1,0,1
squeeze,1,0,1
squeaks,1,0,1
sputtering,1,0,1
spots,1,0,1
spot,1,0,1
splendid,1,0,1
spinach,1,0,1
speeding,1,0,1
spectacles,1,0,1
sparks,1,0,1
source,1,0,1
soup,1,0,1
sound,1,0,1
sooner,1,0,1
someones,1,0,1
sold,1,0,1
softly,1,0,1
softens,1,0,1
soaring,1,0,1
soar,1,0,1
snowy,1,0,1
snorts,1,0,1
sniffs,1,0,1
sniffling,1,0,1
sniffles,1,0,1
snicker,1,0,1
snarls,1,0,1
smugly,1,0,1
smoldering,1,0,1
smirks,1,0,1
smirk,1,0,1
smeltona,1,0,1
smashing,1,0,1
smash,1,0,1
smartest,1,0,1
slivers,1,0,1
slip,1,0,1
sliding,1,0,1
slides,1,0,1
sleeps,1,0,1
skyrockets,1,0,1
skin,1,0,1
skills,1,0,1
skids,1,0,1
sized,1,0,1
size,1,0,1
sit,1,0,1
sinister,1,0,1
silvery,1,0,1
sillllleeennnnceeeee,1,0,1
signals,1,0,1
sight,1,0,1
sighing,1,0,1
sides,1,0,1
sick,1,0,1
shy,1,0,1
shutting,1,0,1
shuts,1,0,1
shudders,1,0,1
shrieks,1,0,1
shot,1,0,1
shops,1,0,1
shoot,1,0,1
shoo,1,0,1
shock,1,0,1
shirt,1,0,1
shift,1,0,1
shelves,1,0,1
sheer,1,0,1
shed,1,0,1
shatters,1,0,1
sharp,1,0,1
shaped,1,0,1
severus,1,0,1
seventh,1,0,1
sets,1,0,1
serving,1,0,1
serious,1,0,1
separate,1,0,1
sentinel,1,0,1
seekers,1,0,1
seal,1,0,1
screeching,1,0,1
scratches,1,0,1
scoops,1,0,1
scoffs,1,0,1
science,1,0,1
schedule,1,0,1
scars,1,0,1
scandal,1,0,1
saving,1,0,1
saunters,1,0,1
sat,1,0,1
sandwiches,1,0,1
sailing,1,0,1
safer,1,0,1
saaa,1,0,1
sa,1,0,1
rush,1,0,1
rumours,1,0,1
rumbling,1,0,1
rule,1,0,1
rudimentary,1,0,1
rubbish,1,0,1
rows,1,0,1
rough,1,0,1
rotten,1,0,1
root,1,0,1
ronald,1,0,1
rolls,1,0,1
rock,1,0,1
robe,1,0,1
roar,1,0,1
reveals,1,0,1
restrains,1,0,1
resides,1,0,1
residents,1,0,1
require,1,0,1
request,1,0,1
reparo,1,0,1
repairing,1,0,1
remembered,1,0,1
remaining,1,0,1
releases,1,0,1
released,1,0,1
relax,1,0,1
refuses,1,0,1
redhead,1,0,1
recovered,1,0,1
recognizing,1,0,1
reckon,1,0,1
receives,1,0,1
reattaches,1,0,1
rear,1,0,1
realize,1,0,1
ravenclaws,1,0,1
ravenclaw,1,0,1
rational,1,0,1
rams,1,0,1
railings,1,0,1
ragged,1,0,1
rafters,1,0,1
racing,1,0,1
race,1,0,1
quills,1,0,1
quill,1,0,1
questionably,1,0,1
pushing,1,0,1
punctuating,1,0,1
pumpkin,1,0,1
pub,1,0,1
prune,1,0,1
proven,1,0,1
proudly,1,0,1
proudest,1,0,1
properly,1,0,1
promises,1,0,1
progressing,1,0,1
professors,1,0,1
proceeding,1,0,1
problems,1,0,1
priorities,1,0,1
presume,1,0,1
pressure,1,0,1
press,1,0,1
preoccupied,1,0,1
prefer,1,0,1
prefects,1,0,1
predisposition,1,0,1
practicing,1,0,1
pounds,1,0,1
postcard,1,0,1
posing,1,0,1
portraits,1,0,1
pool,1,0,1
poisons,1,0,1
pocketwatch,1,0,1
pocket,1,0,1
plummets,1,0,1
plugging,1,0,1
plenty,1,0,1
player,1,0,1
platforms,1,0,1
plates,1,0,1
plant,1,0,1
plank,1,0,1
placing,1,0,1
placed,1,0,1
pjs,1,0,1
pitiful,1,0,1
pink,1,0,1
pictures,1,0,1
photograph,1,0,1
phoenix,1,0,1
pewter,1,0,1
petunias,1,0,1
pets,1,0,1
peppermint,1,0,1
penguin,1,0,1
peer,1,0,1
pea,1,0,1
paying,1,0,1
pats,1,0,1
patrons,1,0,1
patil,1,0,1
path,1,0,1
password,1,0,1
passing,1,0,1
parvati,1,0,1
partly,1,0,1
particularly,1,0,1
parcel,1,0,1
paperwork,1,0,1
pan,1,0,1
pair,1,0,1
painful,1,0,1
packs,1,0,1
packed,1,0,1
owowowow,1,0,1
owned,1,0,1
outrage,1,0,1
outgrown,1,0,1
opening,1,0,1
olanterns,1,0,1
official,1,0,1
office,1,0,1
offering,1,0,1
odd,1,0,1
oculus,1,0,1
occurs,1,0,1
obey,1,0,1
nudges,1,0,1
nope,1,0,1
non,1,0,1
nightmare,1,0,1
nicolas,1,0,1
newspaper,1,0,1
newcomers,1,0,1
nervously,1,0,1
nervous,1,0,1
needs,1,0,1
narrates,1,0,1
muttering,1,0,1
music,1,0,1
mushed,1,0,1
munching,1,0,1
mucus,1,0,1
movements,1,0,1
movement,1,0,1
mounts,1,0,1
motorcycle,1,0,1
motor,1,0,1
month,1,0,1
moments,1,0,1
momentarily,1,0,1
moans,1,0,1
misses,1,0,1
minerva,1,0,1
mimicking,1,0,1
mighty,1,0,1
middle,1,0,1
midday,1,0,1
metallic,1,0,1
messy,1,0,1
meself,1,0,1
mention,1,0,1
mental,1,0,1
members,1,0,1
mellow,1,0,1
meets,1,0,1
meeting,1,0,1
meals,1,0,1
mcgongall,1,0,1
mcgonagalls,1,0,1
mate,1,0,1
massively,1,0,1
marge,1,0,1
marcus,1,0,1
marching,1,0,1
marble,1,0,1
map,1,0,1
managed,1,0,1
mams,1,0,1
makes,1,0,1
main,1,0,1
mails,1,0,1
magnificent,1,0,1
maam,1,0,1
ma,1,0,1
lying,1,0,1
lump,1,0,1
loudly,1,0,1
lots,1,0,1
losing,1,0,1
looked,1,0,1
liver,1,0,1
lists,1,0,1
lips,1,0,1
lined,1,0,1
lights,1,0,1
levosa,1,0,1
levitation,1,0,1
leviosaaaar,1,0,1
levioooosa,1,0,1
levio,1,0,1
levi,1,0,1
level,1,0,1
lesson,1,0,1
length,1,0,1
ledge,1,0,1
lecture,1,0,1
learnt,1,0,1
lean,1,0,1
lap,1,0,1
lantern,1,0,1
lane,1,0,1
landed,1,0,1
lampposts,1,0,1
ladder,1,0,1
lack,1,0,1
lacarnum,1,0,1
knee,1,0,1
kisses,1,0,1
kicks,1,0,1
keeping,1,0,1
katie,1,0,1
jumping,1,0,1
jordan,1,0,1
joking,1,0,1
jokes,1,0,1
joins,1,0,1
james,1,0,1
jacket,1,0,1
jack,1,0,1
island,1,0,1
intruders,1,0,1
insult,1,0,1
instead,1,0,1
instant,1,0,1
insist,1,0,1
infusion,1,0,1
information,1,0,1
inform,1,0,1
inflamarae,1,0,1
infant,1,0,1
indicating,1,0,1
incredulous,1,0,1
incantations,1,0,1
impossible,1,0,1
immense,1,0,1
imaginable,1,0,1
image,1,0,1
ignoring,1,0,1
ignites,1,0,1
idiot,1,0,1
identical,1,0,1
idea,1,0,1
hurts,1,0,1
hurrying,1,0,1
hurriedly,1,0,1
hurls,1,0,1
hurled,1,0,1
hunt,1,0,1
hungry,1,0,1
hugging,1,0,1
hows,1,0,1
hover,1,0,1
horrified,1,0,1
hops,1,0,1
hoots,1,0,1
homework,1,0,1
hollow,1,0,1
hole,1,0,1
hogsmeade,1,0,1
history,1,0,1
highest,1,0,1
higher,1,0,1
hides,1,0,1
hide,1,0,1
hesitatingly,1,0,1
hesitant,1,0,1
heheh,1,0,1
hehe,1,0,1
hearing,1,0,1
headmaster,1,0,1
heading,1,0,1
hawk,1,0,1
harder,1,0,1
happily,1,0,1
happen,1,0,1
happee,1,0,1
hangs,1,0,1
hanging,1,0,1
handshake,1,0,1
handful,1,0,1
halts,1,0,1
halls,1,0,1
halloween,1,0,1
ha,1,0,1
guessing,1,0,1
grunting,1,0,1
grown,1,0,1
growl,1,0,1
growing,1,0,1
grip,1,0,1
greeting,1,0,1
greet,1,0,1
gredient,1,0,1
greatness,1,0,1
greasy,1,0,1
grangers,1,0,1
grandly,1,0,1
grand,1,0,1
grabbing,1,0,1
goyle,1,0,1
goggles,1,0,1
godrics,1,0,1
goblet,1,0,1
goat,1,0,1
goal,1,0,1
glow,1,0,1
gloves,1,0,1
glory,1,0,1
glaring,1,0,1
glare,1,0,1
glances,1,0,1
giving,1,0,1
ginny,1,0,1
giggles,1,0,1
giggle,1,0,1
gift,1,0,1
giant,1,0,1
ghosts,1,0,1
gears,1,0,1
gathers,1,0,1
gate,1,0,1
gasp,1,0,1
garden,1,0,1
gape,1,0,1
gap,1,0,1
gang,1,0,1
frosting,1,0,1
frogs,1,0,1
fro,1,0,1
fright,1,0,1
friendly,1,0,1
freak,1,0,1
fraid,1,0,1
fought,1,0,1
formidable,1,0,1
fork,1,0,1
footsteps,1,0,1
foot,1,0,1
followers,1,0,1
folk,1,0,1
folded,1,0,1
flutters,1,0,1
float,1,0,1
flitwicks,1,0,1
flipped,1,0,1
flavoured,1,0,1
flashing,1,0,1
flashback,1,0,1
fixing,1,0,1
fishes,1,0,1
firmly,1,0,1
fingers,1,0,1
finger,1,0,1
finest,1,0,1
filtwick,1,0,1
films,1,0,1
field,1,0,1
felt,1,0,1
feast,1,0,1
fearfully,1,0,1
fastest,1,0,1
fallen,1,0,1
fades,1,0,1
facts,1,0,1
faces,1,0,1
extremely,1,0,1
extends,1,0,1
expression,1,0,1
exploded,1,0,1
explains,1,0,1
expelled,1,0,1
exits,1,0,1
excess,1,0,1
examining,1,0,1
exact,1,0,1
evilly,1,0,1
everyones,1,0,1
everybody,1,0,1
evening,1,0,1
escapes,1,0,1
err,1,0,1
er,1,0,1
equipped,1,0,1
entering,1,0,1
ensnare,1,0,1
enormous,1,0,1
engulf,1,0,1
ended,1,0,1
emptied,1,0,1
eleven,1,0,1
elephant,1,0,1
elderly,1,0,1
earn,1,0,1
earlier,1,0,1
dyeing,1,0,1
dusts,1,0,1
dungeons,1,0,1
dumbledorell,1,0,1
dumb,1,0,1
due,1,0,1
dry,1,0,1
dropping,1,0,1
drilling,1,0,1
dress,1,0,1
draw,1,0,1
draught,1,0,1
draconis,1,0,1
dorms,1,0,1
dormitory,1,0,1
doris,1,0,1
doorstep,1,0,1
dogs,1,0,1
dodges,1,0,1
dodge,1,0,1
diversion,1,0,1
distance,1,0,1
dismayed,1,0,1
dismal,1,0,1
dislike,1,0,1
disgust,1,0,1
disbelief,1,0,1
disapproving,1,0,1
disappear,1,0,1
directly,1,0,1
direct,1,0,1
dips,1,0,1
dings,1,0,1
digs,1,0,1
difference,1,0,1
dies,1,0,1
didja,1,0,1
device,1,0,1
desks,1,0,1
depth,1,0,1
denied,1,0,1
demand,1,0,1
delivery,1,0,1
deliminator,1,0,1
delight,1,0,1
dejectedly,1,0,1
definitely,1,0,1
defense,1,0,1
defends,1,0,1
deeply,1,0,1
deep,1,0,1
decide,1,0,1
dears,1,0,1
dash,1,0,1
dangling,1,0,1
damn,1,0,1
damaging,1,0,1
damaged,1,0,1
daises,1,0,1
dads,1,0,1
daddys,1,0,1
cutting,1,0,1
crossing,1,0,1
crockford,1,0,1
cringes,1,0,1
crimson,1,0,1
crikey,1,0,1
cricket,1,0,1
crawls,1,0,1
crackpot,1,0,1
cracking,1,0,1
crabbe,1,0,1
cowers,1,0,1
covers,1,0,1
covering,1,0,1
couple,1,0,1
countryside,1,0,1
counted,1,0,1
coughs,1,0,1
correctly,1,0,1
cool,1,0,1
cooking,1,0,1
cookies,1,0,1
cookie,1,0,1
cook,1,0,1
constructor,1,0,1
consisting,1,0,1
conking,1,0,1
congratulations,1,0,1
confirmation,1,0,1
confidant,1,0,1
commentator,1,0,1
comin,1,0,1
cold,1,0,1
codswallop,1,0,1
closes,1,0,1
closer,1,0,1
closed,1,0,1
clockwise,1,0,1
cloaked,1,0,1
climb,1,0,1
clean,1,0,1
claps,1,0,1
clambers,1,0,1
circle,1,0,1
chooses,1,0,1
chicken,1,0,1
chewing,1,0,1
chattering,1,0,1
chatter,1,0,1
chases,1,0,1
chaser,1,0,1
chapter,1,0,1
chaos,1,0,1
chairs,1,0,1
chair,1,0,1
chained,1,0,1
cept,1,0,1
century,1,0,1
celebrity,1,0,1
caverns,1,0,1
cavern,1,0,1
caveat,1,0,1
cause,1,0,1
cauldrons,1,0,1
cats,1,0,1
catching,1,0,1
carts,1,0,1
cartlike,1,0,1
carry,1,0,1
caretaker,1,0,1
carefully,1,0,1
careful,1,0,1
cards,1,0,1
caput,1,0,1
captivity,1,0,1
captain,1,0,1
capes,1,0,1
calms,1,0,1
calmly,1,0,1
calming,1,0,1
buying,1,0,1
button,1,0,1
butter,1,0,1
butted,1,0,1
bustle,1,0,1
bushy,1,0,1
bursting,1,0,1
burma,1,0,1
bundled,1,0,1
bundle,1,0,1
building,1,0,1
buggers,1,0,1
brutal,1,0,1
broomsticks,1,0,1
broadly,1,0,1
bristol,1,0,1
bringing,1,0,1
brilliant,1,0,1
brightly,1,0,1
bricked,1,0,1
brew,1,0,1
bred,1,0,1
breathless,1,0,1
breaks,1,0,1
breach,1,0,1
brain,1,0,1
bounds,1,0,1
bought,1,0,1
botts,1,0,1
bottle,1,0,1
boring,1,0,1
boos,1,0,1
boo,1,0,1
bones,1,0,1
boiler,1,0,1
bogies,1,0,1
bogey,1,0,1
bobs,1,0,1
boa,1,0,1
blue,1,0,1
blowing,1,0,1
bloodied,1,0,1
blonde,1,0,1
blinks,1,0,1
bletchley,1,0,1
blasting,1,0,1
blackens,1,0,1
bitten,1,0,1
birdae,1,0,1
bigger,1,0,1
big,1,0,1
bewitch,1,0,1
bertie,1,0,1
bench,1,0,1
belongings,1,0,1
bell,1,0,1
believed,1,0,1
behavior,1,0,1
began,1,0,1
beeps,1,0,1
beater,1,0,1
beans,1,0,1
bean,1,0,1
baseball,1,0,1
barrel,1,0,1
barely,1,0,1
banner,1,0,1
band,1,0,1
balance,1,0,1
baked,1,0,1
baggage,1,0,1
awww,1,0,1
awake,1,0,1
attracted,1,0,1
ate,1,0,1
assessment,1,0,1
article,1,0,1
arse,1,0,1
arrogance,1,0,1
arriving,1,0,1
arrives,1,0,1
arrive,1,0,1
arm,1,0,1
argus,1,0,1
argue,1,0,1
area,1,0,1
appreciate,1,0,1
appearing,1,0,1
apparently,1,0,1
anytime,1,0,1
annoyance,1,0,1
announcing,1,0,1
announce,1,0,1
angrily,1,0,1
angelina,1,0,1
angelia,1,0,1
amusement,1,0,1
amounts,1,0,1
amazingly,1,0,1
amazing,1,0,1
amanda,1,0,1
alright,1,0,1
allowing,1,0,1
alert,1,0,1
aint,1,0,1
aims,1,0,1
ahhhhhhh,1,0,1
ahem,1,0,1
aghhhemm,1,0,1
aghast,1,0,1
aggreement,1,0,1
agape,1,0,1
addressed,1,0,1
added,1,0,1
actually,1,0,1
acts,1,0,1
activates,1,0,1
aconite,1,0,1
acknowledging,1,0,1
according,1,0,1
accident,1,0,1
absolutely,1,0,1
abnormal,1,0,1
ability,1,0,1
abilities,1,0,1
harry,0,376,376
ron,0,111,111
hagrid,0,103,103
hermione,0,84,84
vernon,0,53,53
dudley,0,46,46
mcgonagall,0,44,44
potter,0,34,34
snape,0,31,31
petunia,0,31,31
wand,0,30,30
gryffindor,0,29,29
neville,0,28,28
dumbledore,0,28,28
draco,0,26,26
students,0,25,25
troll,0,24,24
hogwarts,0,24,24
professor,0,23,23
door,0,23,23
hooch,0,22,22
broom,0,22,22
slytherin,0,21,21
points,0,19,19
later,0,19,19
ahh,0,18,18
quirrell,0,17,17
notices,0,17,17
goes,0,17,17
oliver,0,16,16
hat,0,16,16
percy,0,15,15
wall,0,14,14
suddenly,0,14,14
snake,0,14,14
seeker,0,14,14
jumps,0,14,14
class,0,14,14
ball,0,14,14
whoa,0,13,13
walks,0,13,13
turns,0,13,13
sorting,0,13,13
snitch,0,13,13
quidditch,0,13,13
harrys,0,13,13
fred,0,13,13
stops,0,12,12
seamus,0,12,12
grabs,0,12,12
weasley,0,11,11
sitting,0,11,11
nods,0,11,11
large,0,11,11
hall,0,11,11
game,0,11,11
corridor,0,11,11
tower,0,10,10
run,0,10,10
puts,0,10,10
pulls,0,10,10
mrs,0,10,10
lee,0,10,10
hey,0,10,10
glass,0,10,10
girl,0,10,10
camera,0,10,10
air,0,10,10
ah,0,10,10
table,0,9,9
sits,0,9,9
owls,0,9,9
looking,0,9,9
george,0,9,9
cat,0,9,9
broomstick,0,9,9
begins,0,9,9
zooms,0,8,8
wizard,0,8,8
window,0,8,8
version,0,8,8
vault,0,8,8
train,0,8,8
stairs,0,8,8
staircase,0,8,8
runs,0,8,8
robes,0,8,8
red,0,8,8
pans,0,8,8
nick,0,8,8
longbottom,0,8,8
forward,0,8,8
cake,0,8,8
boys,0,8,8
trolls,0,7,7
street,0,7,7
starts,0,7,7
side,0,7,7
running,0,7,7
platform,0,7,7
open,0,7,7
magic,0,7,7
hello,0,7,7
flitwick,0,7,7
flies,0,7,7
falls,0,7,7
doing,0,7,7
disappears,0,7,7
crowd,0,7,7
amazed,0,7,7
whistle,0,6,6
throws,0,6,6
smiles,0,6,6
school,0,6,6
scar,0,6,6
rons,0,6,6
quaffle,0,6,6
owl,0,6,6
opens,0,6,6
ollivander,0,6,6
maybe,0,6,6
malfoy,0,6,6
lifts,0,6,6
laugh,0,6,6
knew,0,6,6
houses,0,6,6
gryffindors,0,6,6
grins,0,6,6
gringotts,0,6,6
goblin,0,6,6
gasps,0,6,6
feather,0,6,6
fat,0,6,6
closet,0,6,6
cloak,0,6,6
catches,0,6,6
birthday,0,6,6
albus,0,6,6
writing,0,5,5
waves,0,5,5
voldemort,0,5,5
uh,0,5,5
thanks,0,5,5
tall,0,5,5
talking,0,5,5
sure,0,5,5
stares,0,5,5
spell,0,5,5
sleeping,0,5,5
shakes,0,5,5
scores,0,5,5
raises,0,5,5
norris,0,5,5
normal,0,5,5
nice,0,5,5
nevilles,0,5,5
nearly,0,5,5
near,0,5,5
meows,0,5,5
luck,0,5,5
locked,0,5,5
leading,0,5,5
laughs,0,5,5
knowing,0,5,5
johnson,0,5,5
id,0,5,5
heh,0,5,5
hedwig,0,5,5
group,0,5,5
granger,0,5,5
flint,0,5,5
flashes,0,5,5
filch,0,5,5
famous,0,5,5
eye,0,5,5
extended,0,5,5
dursleys,0,5,5
doorway,0,5,5
diagon,0,5,5
cup,0,5,5
club,0,5,5
castle,0,5,5
car,0,5,5
box,0,5,5
blows,0,5,5
bathroom,0,5,5
alley,0,5,5
wrong,0,4,4
wingardium,0,4,4
whos,0,4,4
umbrella,0,4,4
toad,0,4,4
ticket,0,4,4
taking,0,4,4
store,0,4,4
stick,0,4,4
station,0,4,4
snickers,0,4,4
slytherins,0,4,4
slowly,0,4,4
sky,0,4,4
shrugs,0,4,4
screaming,0,4,4
scabbers,0,4,4
returns,0,4,4
players,0,4,4
picks,0,4,4
named,0,4,4
mum,0,4,4
mail,0,4,4
magically,0,4,4
madam,0,4,4
london,0,4,4
lands,0,4,4
lady,0,4,4
knows,0,4,4
knocked,0,4,4
kitchen,0,4,4
keeper,0,4,4
join,0,4,4
including,0,4,4
hoops,0,4,4
hits,0,4,4
headless,0,4,4
handle,0,4,4
gun,0,4,4
gulps,0,4,4
grounds,0,4,4
griphook,0,4,4
grab,0,4,4
gonna,0,4,4
glares,0,4,4
funny,0,4,4
forehead,0,4,4
flying,0,4,4
flick,0,4,4
finally,0,4,4
feet,0,4,4
eating,0,4,4
dursley,0,4,4
dudleys,0,4,4
dragon,0,4,4
desk,0,4,4
dad,0,4,4
curious,0,4,4
cracks,0,4,4
continues,0,4,4
cheers,0,4,4
cheering,0,4,4
cheer,0,4,4
cauldron,0,4,4
brick,0,4,4
bludger,0,4,4
bat,0,4,4
approach,0,4,4
zoom,0,3,3
zoo,0,3,3
yellow,0,3,3
wrist,0,3,3
wow,0,3,3
wizards,0,3,3
wizardry,0,3,3
wing,0,3,3
whispering,0,3,3
vast,0,3,3
tom,0,3,3
throat,0,3,3
thirty,0,3,3
team,0,3,3
teach,0,3,3
tch,0,3,3
swish,0,3,3
swipes,0,3,3
sunday,0,3,3
stupid,0,3,3
string,0,3,3
stool,0,3,3
stalls,0,3,3
staircases,0,3,3
sorted,0,3,3
soars,0,3,3
snapes,0,3,3
smile,0,3,3
smacks,0,3,3
slightly,0,3,3
slams,0,3,3
silent,0,3,3
sighs,0,3,3
shoots,0,3,3
shadow,0,3,3
seemingly,0,3,3
screams,0,3,3
score,0,3,3
scene,0,3,3
scared,0,3,3
rises,0,3,3
rips,0,3,3
remembrall,0,3,3
reads,0,3,3
reaches,0,3,3
raps,0,3,3
probably,0,3,3
potions,0,3,3
post,0,3,3
places,0,3,3
panic,0,3,3
painting,0,3,3
package,0,3,3
okay,0,3,3
nicholas,0,3,3
muggles,0,3,3
muggle,0,3,3
mouth,0,3,3
model,0,3,3
lightning,0,3,3
leviosa,0,3,3
letterbox,0,3,3
leg,0,3,3
leaky,0,3,3
leads,0,3,3
keys,0,3,3
key,0,3,3
job,0,3,3
itll,0,3,3
hufflepuff,0,3,3
hospital,0,3,3
hoo,0,3,3
holding,0,3,3
heres,0,3,3
hears,0,3,3
headed,0,3,3
happens,0,3,3
guarding,0,3,3
growls,0,3,3
golden,0,3,3
goblins,0,3,3
glows,0,3,3
glasses,0,3,3
girls,0,3,3
gestures,0,3,3
friends,0,3,3
fool,0,3,3
food,0,3,3
flash,0,3,3
fireplace,0,3,3
fine,0,3,3
fell,0,3,3
feathers,0,3,3
equipment,0,3,3
enclosure,0,3,3
em,0,3,3
dungeon,0,3,3
drops,0,3,3
dormitories,0,3,3
dirt,0,3,3
died,0,3,3
cupboard,0,3,3
crashing,0,3,3
crash,0,3,3
courtyard,0,3,3
corner,0,3,3
clever,0,3,3
clears,0,3,3
classroom,0,3,3
chocolate,0,3,3
causing,0,3,3
cart,0,3,3
candles,0,3,3
cage,0,3,3
buy,0,3,3
brooms,0,3,3
breaking,0,3,3
bowl,0,3,3
books,0,3,3
bolt,0,3,3
bloody,0,3,3
beaters,0,3,3
bank,0,3,3
balls,0,3,3
backs,0,3,3
arent,0,3,3
zaps,0,2,2
yay,0,2,2
ya,0,2,2
wrapped,0,2,2
worry,0,2,2
wormwood,0,2,2
working,0,2,2
witchcraft,0,2,2
win,0,2,2
whooa,0,2,2
whoo,0,2,2
whips,0,2,2
whacks,0,2,2
wearing,0,2,2
wavers,0,2,2
watches,0,2,2
wanting,0,2,2
wands,0,2,2
visibly,0,2,2
vanished,0,2,2
upwards,0,2,2
upset,0,2,2
uniform,0,2,2
trunk,0,2,2
trouble,0,2,2
trolley,0,2,2
transitioning,0,2,2
thumps,0,2,2
theyve,0,2,2
telling,0,2,2
teams,0,2,2
teachers,0,2,2
taps,0,2,2
tape,0,2,2
tail,0,2,2
tables,0,2,2
tabby,0,2,2
sweets,0,2,2
supposed,0,2,2
strictly,0,2,2
streets,0,2,2
straight,0,2,2
stormy,0,2,2
stomach,0,2,2
statue,0,2,2
standard,0,2,2
stall,0,2,2
spooky,0,2,2
spells,0,2,2
spear,0,2,2
spark,0,2,2
sofa,0,2,2
smoke,0,2,2
smeltings,0,2,2
smashes,0,2,2
silly,0,2,2
shriek,0,2,2
shows,0,2,2
shoves,0,2,2
shooting,0,2,2
shiny,0,2,2
sent,0,2,2
secret,0,2,2
seats,0,2,2
seat,0,2,2
screen,0,2,2
screeches,0,2,2
scatter,0,2,2
rushing,0,2,2
rushes,0,2,2
rum,0,2,2
rubeus,0,2,2
rising,0,2,2
riding,0,2,2
repeatedly,0,2,2
relief,0,2,2
reach,0,2,2
rd,0,2,2
rat,0,2,2
railing,0,2,2
rabbit,0,2,2
quirrells,0,2,2
pushes,0,2,2
privet,0,2,2
presents,0,2,2
present,0,2,2
pouring,0,2,2
potters,0,2,2
potion,0,2,2
positions,0,2,2
pops,0,2,2
pointing,0,2,2
pitch,0,2,2
perched,0,2,2
passes,0,2,2
parcels,0,2,2
paper,0,2,2
ow,0,2,2
ooh,0,2,2
ollivanders,0,2,2
numerous,0,2,2
number,0,2,2
noticing,0,2,2
note,0,2,2
nimbus,0,2,2
nighttime,0,2,2
mummy,0,2,2
ms,0,2,2
moves,0,2,2
mountain,0,2,2
mount,0,2,2
monkshood,0,2,2
misunderstood,0,2,2
miss,0,2,2
minutes,0,2,2
millions,0,2,2
lurches,0,2,2
lot,0,2,2
lock,0,2,2
list,0,2,2
limping,0,2,2
lighting,0,2,2
lifted,0,2,2
leviosar,0,2,2
leans,0,2,2
lead,0,2,2
lamp,0,2,2
knocks,0,2,2
knocking,0,2,2
knock,0,2,2
kick,0,2,2
jump,0,2,2
joy,0,2,2
jinxing,0,2,2
insulted,0,2,2
ink,0,2,2
iguana,0,2,2
hum,0,2,2
huge,0,2,2
hovers,0,2,2
hermiones,0,2,2
helping,0,2,2
harp,0,2,2
hard,0,2,2
happening,0,2,2
hallway,0,2,2
haired,0,2,2
hah,0,2,2
hadnt,0,2,2
grin,0,2,2
green,0,2,2
goons,0,2,2
gather,0,2,2
frog,0,2,2
freaks,0,2,2
forth,0,2,2
forest,0,2,2
followed,0,2,2
floating,0,2,2
flavour,0,2,2
fit,0,2,2
fires,0,2,2
filled,0,2,2
filchs,0,2,2
fear,0,2,2
fancies,0,2,2
fame,0,2,2
eyebrows,0,2,2
express,0,2,2
explosion,0,2,2
explain,0,2,2
expected,0,2,2
exit,0,2,2
exhibit,0,2,2
ew,0,2,2
essential,0,2,2
enunciate,0,2,2
empty,0,2,2
emerges,0,2,2
embarrassed,0,2,2
eerie,0,2,2
dumbledores,0,2,2
dressed,0,2,2
draws,0,2,2
drawn,0,2,2
dracos,0,2,2
double,0,2,2
dives,0,2,2
direction,0,2,2
ding,0,2,2
curse,0,2,2
crowded,0,2,2
counter,0,2,2
corridors,0,2,2
compartment,0,2,2
coins,0,2,2
coffee,0,2,2
climbs,0,2,2
clearly,0,2,2
classmates,0,2,2
cheek,0,2,2
checks,0,2,2
chasers,0,2,2
charred,0,2,2
ceiling,0,2,2
causes,0,2,2
carrying,0,2,2
card,0,2,2
busy,0,2,2
bundles,0,2,2
bunch,0,2,2
bucking,0,2,2
brown,0,2,2
brother,0,2,2
broke,0,2,2
bridge,0,2,2
breath,0,2,2
breakfast,0,2,2
boxes,0,2,2
bout,0,2,2
borrow,0,2,2
boats,0,2,2
bludgers,0,2,2
blown,0,2,2
blocks,0,2,2
blimey,0,2,2
blasted,0,2,2
bits,0,2,2
binoculars,0,2,2
bezoar,0,2,2
bends,0,2,2
beasts,0,2,2
beard,0,2,2
bats,0,2,2
bangs,0,2,2
bacon,0,2,2
awe,0,2,2
awarded,0,2,2
aunt,0,2,2
asphodel,0,2,2
asleep,0,2,2
asked,0,2,2
approaches,0,2,2
appear,0,2,2
angry,0,2,2
amount,0,2,2
amazement,0,2,2
alohomora,0,2,2
aisle,0,2,2
aiming,0,2,2
ahhhh,0,2,2
ahhh,0,2,2
ahead,0,2,2
agreement,0,2,2
aerial,0,2,2
adds,0,2,2
zips,0,1,1
yourselfs,0,1,1
youngest,0,1,1
yelp,0,1,1
yawns,0,1,1
wrote,0,1,1
wriggling,0,1,1
wretch,0,1,1
works,0,1,1
woods,0,1,1
wonderful,0,1,1
wondered,0,1,1
wolfsbane,0,1,1
wolfbane,0,1,1
woke,0,1,1
wizarding,0,1,1
withdrawal,0,1,1
wishing,0,1,1
wise,0,1,1
wiping,0,1,1
wipes,0,1,1
wings,0,1,1
wingardrium,0,1,1
wingard,0,1,1
winery,0,1,1
windowsill,0,1,1
windows,0,1,1
winces,0,1,1
whooaaa,0,1,1
whod,0,1,1
whoaa,0,1,1
whizzing,0,1,1
whispers,0,1,1
whirring,0,1,1
whimpers,0,1,1
whilst,0,1,1
whew,0,1,1
whelk,0,1,1
whatre,0,1,1
whacked,0,1,1
weaves,0,1,1
waving,0,1,1
wave,0,1,1
warning,0,1,1
walnut,0,1,1
wakes,0,1,1
waistcoat,0,1,1
wager,0,1,1
voldemorts,0,1,1
vo,0,1,1
versus,0,1,1
vernons,0,1,1
vent,0,1,1
vaults,0,1,1
vase,0,1,1
vanishing,0,1,1
vanishes,0,1,1
vanish,0,1,1
vampire,0,1,1
utter,0,1,1
upside,0,1,1
unwrapping,0,1,1
unpleasantly,0,1,1
unlocks,0,1,1
unless,0,1,1
unknown,0,1,1
underneath,0,1,1
underground,0,1,1
uncontrollably,0,1,1
uncontrolably,0,1,1
unconscious,0,1,1
um,0,1,1
tyke,0,1,1
twirls,0,1,1
twirling,0,1,1
twin,0,1,1
tv,0,1,1
turning,0,1,1
turban,0,1,1
tumbling,0,1,1
tube,0,1,1
tubby,0,1,1
trousers,0,1,1
trophy,0,1,1
troolll,0,1,1
triumphs,0,1,1
tripe,0,1,1
trio,0,1,1
tries,0,1,1
tricks,0,1,1
trevor,0,1,1
trapped,0,1,1
transforms,0,1,1
transfigure,0,1,1
transfiguration,0,1,1
trains,0,1,1
towers,0,1,1
tossing,0,1,1
tosses,0,1,1
torch,0,1,1
topples,0,1,1
toast,0,1,1
title,0,1,1
tired,0,1,1
tiny,0,1,1
tight,0,1,1
thw,0,1,1
thunks,0,1,1
thunder,0,1,1
thumping,0,1,1
thugs,0,1,1
thrown,0,1,1
throwing,0,1,1
threateningly,0,1,1
thread,0,1,1
thoughtful,0,1,1
thirst,0,1,1
thinks,0,1,1
theyll,0,1,1
terrorize,0,1,1
terrible,0,1,1
term,0,1,1
tenses,0,1,1
teammates,0,1,1
tea,0,1,1
tattered,0,1,1
taste,0,1,1
talked,0,1,1
talk,0,1,1
talent,0,1,1
taint,0,1,1
sync,0,1,1
swore,0,1,1
swooping,0,1,1
switching,0,1,1
swishing,0,1,1
swishes,0,1,1
sweet,0,1,1
sweared,0,1,1
swear,0,1,1
suspicously,0,1,1
susan,0,1,1
surrey,0,1,1
surprisingly,0,1,1
suppose,0,1,1
supports,0,1,1
support,0,1,1
supplies,0,1,1
sunshine,0,1,1
sun,0,1,1
sullenly,0,1,1
succeeds,0,1,1
subtle,0,1,1
subject,0,1,1
stumped,0,1,1
stuffs,0,1,1
structures,0,1,1
structure,0,1,1
stroking,0,1,1
strategize,0,1,1
straightens,0,1,1
stopping,0,1,1
stopper,0,1,1
stood,0,1,1
sticks,0,1,1
stepping,0,1,1
steaming,0,1,1
stature,0,1,1
startling,0,1,1
starting,0,1,1
started,0,1,1
squirming,0,1,1
squeeze,0,1,1
squeaks,0,1,1
sputtering,0,1,1
spots,0,1,1
spot,0,1,1
splendid,0,1,1
spinach,0,1,1
speeding,0,1,1
spectacles,0,1,1
sparks,0,1,1
source,0,1,1
soup,0,1,1
sound,0,1,1
sooner,0,1,1
someones,0,1,1
sold,0,1,1
softly,0,1,1
softens,0,1,1
soaring,0,1,1
soar,0,1,1
snowy,0,1,1
snorts,0,1,1
sniffs,0,1,1
sniffling,0,1,1
sniffles,0,1,1
snicker,0,1,1
snarls,0,1,1
smugly,0,1,1
smoldering,0,1,1
smirks,0,1,1
smirk,0,1,1
smeltona,0,1,1
smashing,0,1,1
smash,0,1,1
smartest,0,1,1
slivers,0,1,1
slip,0,1,1
sliding,0,1,1
slides,0,1,1
sleeps,0,1,1
skyrockets,0,1,1
skin,0,1,1
skills,0,1,1
skids,0,1,1
sized,0,1,1
size,0,1,1
sit,0,1,1
sinister,0,1,1
silvery,0,1,1
sillllleeennnnceeeee,0,1,1
signals,0,1,1
sight,0,1,1
sighing,0,1,1
sides,0,1,1
sick,0,1,1
shy,0,1,1
shutting,0,1,1
shuts,0,1,1
shudders,0,1,1
shrieks,0,1,1
shot,0,1,1
shops,0,1,1
shoot,0,1,1
shoo,0,1,1
shock,0,1,1
shirt,0,1,1
shift,0,1,1
shelves,0,1,1
sheer,0,1,1
shed,0,1,1
shatters,0,1,1
sharp,0,1,1
shaped,0,1,1
severus,0,1,1
seventh,0,1,1
sets,0,1,1
serving,0,1,1
serious,0,1,1
separate,0,1,1
sentinel,0,1,1
seekers,0,1,1
seal,0,1,1
screeching,0,1,1
scratches,0,1,1
scoops,0,1,1
scoffs,0,1,1
science,0,1,1
schedule,0,1,1
scars,0,1,1
scandal,0,1,1
saving,0,1,1
saunters,0,1,1
sat,0,1,1
sandwiches,0,1,1
sailing,0,1,1
safer,0,1,1
saaa,0,1,1
sa,0,1,1
rush,0,1,1
rumours,0,1,1
rumbling,0,1,1
rule,0,1,1
rudimentary,0,1,1
rubbish,0,1,1
rows,0,1,1
rough,0,1,1
rotten,0,1,1
root,0,1,1
ronald,0,1,1
rolls,0,1,1
rock,0,1,1
robe,0,1,1
roar,0,1,1
reveals,0,1,1
restrains,0,1,1
resides,0,1,1
residents,0,1,1
require,0,1,1
request,0,1,1
reparo,0,1,1
repairing,0,1,1
remembered,0,1,1
remaining,0,1,1
releases,0,1,1
released,0,1,1
relax,0,1,1
refuses,0,1,1
redhead,0,1,1
recovered,0,1,1
recognizing,0,1,1
reckon,0,1,1
receives,0,1,1
reattaches,0,1,1
rear,0,1,1
realize,0,1,1
ravenclaws,0,1,1
ravenclaw,0,1,1
rational,0,1,1
rams,0,1,1
railings,0,1,1
ragged,0,1,1
rafters,0,1,1
racing,0,1,1
race,0,1,1
quills,0,1,1
quill,0,1,1
questionably,0,1,1
pushing,0,1,1
punctuating,0,1,1
pumpkin,0,1,1
pub,0,1,1
prune,0,1,1
proven,0,1,1
proudly,0,1,1
proudest,0,1,1
properly,0,1,1
promises,0,1,1
progressing,0,1,1
professors,0,1,1
proceeding,0,1,1
problems,0,1,1
priorities,0,1,1
presume,0,1,1
pressure,0,1,1
press,0,1,1
preoccupied,0,1,1
prefer,0,1,1
prefects,0,1,1
predisposition,0,1,1
practicing,0,1,1
pounds,0,1,1
postcard,0,1,1
posing,0,1,1
portraits,0,1,1
pool,0,1,1
poisons,0,1,1
pocketwatch,0,1,1
pocket,0,1,1
plummets,0,1,1
plugging,0,1,1
plenty,0,1,1
player,0,1,1
platforms,0,1,1
plates,0,1,1
plant,0,1,1
plank,0,1,1
placing,0,1,1
placed,0,1,1
pjs,0,1,1
pitiful,0,1,1
pink,0,1,1
pictures,0,1,1
photograph,0,1,1
phoenix,0,1,1
pewter,0,1,1
petunias,0,1,1
pets,0,1,1
peppermint,0,1,1
penguin,0,1,1
peer,0,1,1
pea,0,1,1
paying,0,1,1
pats,0,1,1
patrons,0,1,1
patil,0,1,1
path,0,1,1
password,0,1,1
passing,0,1,1
parvati,0,1,1
partly,0,1,1
particularly,0,1,1
parcel,0,1,1
paperwork,0,1,1
pan,0,1,1
pair,0,1,1
painful,0,1,1
packs,0,1,1
packed,0,1,1
owowowow,0,1,1
owned,0,1,1
outrage,0,1,1
outgrown,0,1,1
opening,0,1,1
olanterns,0,1,1
official,0,1,1
office,0,1,1
offering,0,1,1
odd,0,1,1
oculus,0,1,1
occurs,0,1,1
obey,0,1,1
nudges,0,1,1
nope,0,1,1
non,0,1,1
nightmare,0,1,1
nicolas,0,1,1
newspaper,0,1,1
newcomers,0,1,1
nervously,0,1,1
nervous,0,1,1
needs,0,1,1
narrates,0,1,1
muttering,0,1,1
music,0,1,1
mushed,0,1,1
munching,0,1,1
mucus,0,1,1
movements,0,1,1
movement,0,1,1
mounts,0,1,1
motorcycle,0,1,1
motor,0,1,1
month,0,1,1
moments,0,1,1
momentarily,0,1,1
moans,0,1,1
misses,0,1,1
minerva,0,1,1
mimicking,0,1,1
mighty,0,1,1
middle,0,1,1
midday,0,1,1
metallic,0,1,1
messy,0,1,1
meself,0,1,1
mention,0,1,1
mental,0,1,1
members,0,1,1
mellow,0,1,1
meets,0,1,1
meeting,0,1,1
meals,0,1,1
mcgongall,0,1,1
mcgonagalls,0,1,1
mate,0,1,1
massively,0,1,1
marge,0,1,1
marcus,0,1,1
marching,0,1,1
marble,0,1,1
map,0,1,1
managed,0,1,1
mams,0,1,1
makes,0,1,1
main,0,1,1
mails,0,1,1
magnificent,0,1,1
maam,0,1,1
ma,0,1,1
lying,0,1,1
lump,0,1,1
loudly,0,1,1
lots,0,1,1
losing,0,1,1
looked,0,1,1
liver,0,1,1
lists,0,1,1
lips,0,1,1
lined,0,1,1
lights,0,1,1
levosa,0,1,1
levitation,0,1,1
leviosaaaar,0,1,1
levioooosa,0,1,1
levio,0,1,1
levi,0,1,1
level,0,1,1
lesson,0,1,1
length,0,1,1
ledge,0,1,1
lecture,0,1,1
learnt,0,1,1
lean,0,1,1
lap,0,1,1
lantern,0,1,1
lane,0,1,1
landed,0,1,1
lampposts,0,1,1
ladder,0,1,1
lack,0,1,1
lacarnum,0,1,1
knee,0,1,1
kisses,0,1,1
kicks,0,1,1
keeping,0,1,1
katie,0,1,1
jumping,0,1,1
jordan,0,1,1
joking,0,1,1
jokes,0,1,1
joins,0,1,1
james,0,1,1
jacket,0,1,1
jack,0,1,1
island,0,1,1
intruders,0,1,1
insult,0,1,1
instead,0,1,1
instant,0,1,1
insist,0,1,1
infusion,0,1,1
information,0,1,1
inform,0,1,1
inflamarae,0,1,1
infant,0,1,1
indicating,0,1,1
incredulous,0,1,1
incantations,0,1,1
impossible,0,1,1
immense,0,1,1
imaginable,0,1,1
image,0,1,1
ignoring,0,1,1
ignites,0,1,1
idiot,0,1,1
identical,0,1,1
idea,0,1,1
hurts,0,1,1
hurrying,0,1,1
hurriedly,0,1,1
hurls,0,1,1
hurled,0,1,1
hunt,0,1,1
hungry,0,1,1
hugging,0,1,1
hows,0,1,1
hover,0,1,1
horrified,0,1,1
hops,0,1,1
hoots,0,1,1
homework,0,1,1
hollow,0,1,1
hole,0,1,1
hogsmeade,0,1,1
history,0,1,1
highest,0,1,1
higher,0,1,1
hides,0,1,1
hide,0,1,1
hesitatingly,0,1,1
hesitant,0,1,1
heheh,0,1,1
hehe,0,1,1
hearing,0,1,1
headmaster,0,1,1
heading,0,1,1
hawk,0,1,1
harder,0,1,1
happily,0,1,1
happen,0,1,1
happee,0,1,1
hangs,0,1,1
hanging,0,1,1
handshake,0,1,1
handful,0,1,1
halts,0,1,1
halls,0,1,1
halloween,0,1,1
ha,0,1,1
guessing,0,1,1
grunting,0,1,1
grown,0,1,1
growl,0,1,1
growing,0,1,1
grip,0,1,1
greeting,0,1,1
greet,0,1,1
gredient,0,1,1
greatness,0,1,1
greasy,0,1,1
grangers,0,1,1
grandly,0,1,1
grand,0,1,1
grabbing,0,1,1
goyle,0,1,1
goggles,0,1,1
godrics,0,1,1
goblet,0,1,1
goat,0,1,1
goal,0,1,1
glow,0,1,1
gloves,0,1,1
glory,0,1,1
glaring,0,1,1
glare,0,1,1
glances,0,1,1
giving,0,1,1
ginny,0,1,1
giggles,0,1,1
giggle,0,1,1
gift,0,1,1
giant,0,1,1
ghosts,0,1,1
gears,0,1,1
gathers,0,1,1
gate,0,1,1
gasp,0,1,1
garden,0,1,1
gape,0,1,1
gap,0,1,1
gang,0,1,1
frosting,0,1,1
frogs,0,1,1
fro,0,1,1
fright,0,1,1
friendly,0,1,1
freak,0,1,1
fraid,0,1,1
fought,0,1,1
formidable,0,1,1
fork,0,1,1
footsteps,0,1,1
foot,0,1,1
followers,0,1,1
folk,0,1,1
folded,0,1,1
flutters,0,1,1
float,0,1,1
flitwicks,0,1,1
flipped,0,1,1
flavoured,0,1,1
flashing,0,1,1
flashback,0,1,1
fixing,0,1,1
fishes,0,1,1
firmly,0,1,1
fingers,0,1,1
finger,0,1,1
finest,0,1,1
filtwick,0,1,1
films,0,1,1
field,0,1,1
felt,0,1,1
feast,0,1,1
fearfully,0,1,1
fastest,0,1,1
fallen,0,1,1
fades,0,1,1
facts,0,1,1
faces,0,1,1
extremely,0,1,1
extends,0,1,1
expression,0,1,1
exploded,0,1,1
explains,0,1,1
expelled,0,1,1
exits,0,1,1
excess,0,1,1
examining,0,1,1
exact,0,1,1
evilly,0,1,1
everyones,0,1,1
everybody,0,1,1
evening,0,1,1
escapes,0,1,1
err,0,1,1
er,0,1,1
equipped,0,1,1
entering,0,1,1
ensnare,0,1,1
enormous,0,1,1
engulf,0,1,1
ended,0,1,1
emptied,0,1,1
eleven,0,1,1
elephant,0,1,1
elderly,0,1,1
earn,0,1,1
earlier,0,1,1
dyeing,0,1,1
dusts,0,1,1
dungeons,0,1,1
dumbledorell,0,1,1
dumb,0,1,1
due,0,1,1
dry,0,1,1
dropping,0,1,1
drilling,0,1,1
dress,0,1,1
draw,0,1,1
draught,0,1,1
draconis,0,1,1
dorms,0,1,1
dormitory,0,1,1
doris,0,1,1
doorstep,0,1,1
dogs,0,1,1
dodges,0,1,1
dodge,0,1,1
diversion,0,1,1
distance,0,1,1
dismayed,0,1,1
dismal,0,1,1
dislike,0,1,1
disgust,0,1,1
disbelief,0,1,1
disapproving,0,1,1
disappear,0,1,1
directly,0,1,1
direct,0,1,1
dips,0,1,1
dings,0,1,1
digs,0,1,1
difference,0,1,1
dies,0,1,1
didja,0,1,1
device,0,1,1
desks,0,1,1
depth,0,1,1
denied,0,1,1
demand,0,1,1
delivery,0,1,1
deliminator,0,1,1
delight,0,1,1
dejectedly,0,1,1
definitely,0,1,1
defense,0,1,1
defends,0,1,1
deeply,0,1,1
deep,0,1,1
decide,0,1,1
dears,0,1,1
dash,0,1,1
dangling,0,1,1
damn,0,1,1
damaging,0,1,1
damaged,0,1,1
daises,0,1,1
dads,0,1,1
daddys,0,1,1
cutting,0,1,1
crossing,0,1,1
crockford,0,1,1
cringes,0,1,1
crimson,0,1,1
crikey,0,1,1
cricket,0,1,1
crawls,0,1,1
crackpot,0,1,1
cracking,0,1,1
crabbe,0,1,1
cowers,0,1,1
covers,0,1,1
covering,0,1,1
couple,0,1,1
countryside,0,1,1
counted,0,1,1
coughs,0,1,1
correctly,0,1,1
cool,0,1,1
cooking,0,1,1
cookies,0,1,1
cookie,0,1,1
cook,0,1,1
constructor,0,1,1
consisting,0,1,1
conking,0,1,1
congratulations,0,1,1
confirmation,0,1,1
confidant,0,1,1
commentator,0,1,1
comin,0,1,1
cold,0,1,1
codswallop,0,1,1
closes,0,1,1
closer,0,1,1
closed,0,1,1
clockwise,0,1,1
cloaked,0,1,1
climb,0,1,1
clean,0,1,1
claps,0,1,1
clambers,0,1,1
circle,0,1,1
chooses,0,1,1
chicken,0,1,1
chewing,0,1,1
chattering,0,1,1
chatter,0,1,1
chases,0,1,1
chaser,0,1,1
chapter,0,1,1
chaos,0,1,1
chairs,0,1,1
chair,0,1,1
chained,0,1,1
cept,0,1,1
century,0,1,1
celebrity,0,1,1
caverns,0,1,1
cavern,0,1,1
caveat,0,1,1
cause,0,1,1
cauldrons,0,1,1
cats,0,1,1
catching,0,1,1
carts,0,1,1
cartlike,0,1,1
carry,0,1,1
caretaker,0,1,1
carefully,0,1,1
careful,0,1,1
cards,0,1,1
caput,0,1,1
captivity,0,1,1
captain,0,1,1
capes,0,1,1
calms,0,1,1
calmly,0,1,1
calming,0,1,1
buying,0,1,1
button,0,1,1
butter,0,1,1
butted,0,1,1
bustle,0,1,1
bushy,0,1,1
bursting,0,1,1
burma,0,1,1
bundled,0,1,1
bundle,0,1,1
building,0,1,1
buggers,0,1,1
brutal,0,1,1
broomsticks,0,1,1
broadly,0,1,1
bristol,0,1,1
bringing,0,1,1
brilliant,0,1,1
brightly,0,1,1
bricked,0,1,1
brew,0,1,1
bred,0,1,1
breathless,0,1,1
breaks,0,1,1
breach,0,1,1
brain,0,1,1
bounds,0,1,1
bought,0,1,1
botts,0,1,1
bottle,0,1,1
boring,0,1,1
boos,0,1,1
boo,0,1,1
bones,0,1,1
boiler,0,1,1
bogies,0,1,1
bogey,0,1,1
bobs,0,1,1
boa,0,1,1
blue,0,1,1
blowing,0,1,1
bloodied,0,1,1
blonde,0,1,1
blinks,0,1,1
bletchley,0,1,1
blasting,0,1,1
blackens,0,1,1
bitten,0,1,1
birdae,0,1,1
bigger,0,1,1
big,0,1,1
bewitch,0,1,1
bertie,0,1,1
bench,0,1,1
belongings,0,1,1
bell,0,1,1
believed,0,1,1
behavior,0,1,1
began,0,1,1
beeps,0,1,1
beater,0,1,1
beans,0,1,1
bean,0,1,1
baseball,0,1,1
barrel,0,1,1
barely,0,1,1
banner,0,1,1
band,0,1,1
balance,0,1,1
baked,0,1,1
baggage,0,1,1
awww,0,1,1
awake,0,1,1
attracted,0,1,1
ate,0,1,1
assessment,0,1,1
article,0,1,1
arse,0,1,1
arrogance,0,1,1
arriving,0,1,1
arrives,0,1,1
arrive,0,1,1
arm,0,1,1
argus,0,1,1
argue,0,1,1
area,0,1,1
appreciate,0,1,1
appearing,0,1,1
apparently,0,1,1
anytime,0,1,1
annoyance,0,1,1
announcing,0,1,1
announce,0,1,1
angrily,0,1,1
angelina,0,1,1
angelia,0,1,1
amusement,0,1,1
amounts,0,1,1
amazingly,0,1,1
amazing,0,1,1
amanda,0,1,1
alright,0,1,1
allowing,0,1,1
alert,0,1,1
aint,0,1,1
aims,0,1,1
ahhhhhhh,0,1,1
ahem,0,1,1
aghhhemm,0,1,1
aghast,0,1,1
aggreement,0,1,1
agape,0,1,1
addressed,0,1,1
added,0,1,1
actually,0,1,1
acts,0,1,1
activates,0,1,1
aconite,0,1,1
acknowledging,0,1,1
according,0,1,1
accident,0,1,1
absolutely,0,1,1
abnormal,0,1,1
ability,0,1,1
abilities,0,1,1