word,The Blair Witch Project,The Love Witch,total
im,109,53,162
like,66,54,120
know,71,48,119
dont,68,31,99
witch,19,71,90
love,3,87,90
man,64,23,87
going,71,16,87
oh,41,43,84
okay,77,6,83
back,59,10,69
go,45,14,59
really,27,28,55
way,32,21,53
thats,35,18,53
right,30,22,52
think,31,17,48
yeah,33,14,47
lets,40,5,45
come,33,12,45
please,33,8,41
want,24,14,38
youre,10,27,37
yes,11,24,35
see,20,15,35
ive,15,20,35
woman,20,13,33
look,23,7,30
night,24,3,27
good,17,10,27
god,22,4,26
didnt,14,12,26
day,17,9,26
wanna,16,9,25
need,10,15,25
little,14,11,25
hes,14,11,25
cant,15,10,25
take,7,17,24
sorry,15,9,24
men,7,17,24
give,12,12,24
found,10,14,24
away,18,6,24
car,21,2,23
woods,19,3,22
thing,15,7,22
theres,18,4,22
baby,11,11,22
two,13,8,21
find,13,8,21
stop,17,3,20
people,11,9,20
old,14,6,20
looking,18,2,20
ill,8,12,20
help,15,5,20
today,14,5,19
time,10,9,19
make,6,13,19
life,3,16,19
girl,7,12,19
used,3,15,18
inside,15,3,18
whats,10,7,17
thought,3,14,17
tell,12,5,17
maybe,5,12,17
lost,16,1,17
hear,16,1,17
gonna,15,2,17
feel,5,12,17
weve,15,1,16
thank,6,10,16
sure,7,9,16
happened,12,4,16
guys,14,2,16
gotta,14,2,16
witches,2,13,15
house,10,5,15
heard,12,3,15
work,5,9,14
wanted,4,10,14
sounds,12,2,14
seen,3,11,14
scared,13,1,14
put,13,1,14
mean,7,7,14
id,4,10,14
hi,2,12,14
crazy,5,9,14
sound,10,3,13
shot,12,1,13
point,12,1,13
made,3,10,13
long,9,4,13
keep,12,1,13
home,10,3,13
things,3,9,12
rocks,11,1,12
morning,9,3,12
mm,11,1,12
jesus,11,1,12
witchcraft,2,9,11
wait,7,4,11
three,10,1,11
place,7,4,11
lot,5,6,11
hair,7,4,11
guess,7,4,11
getting,9,2,11
doesnt,4,7,11
cause,9,2,11
youve,5,5,10
went,8,2,10
uh,6,4,10
town,4,6,10
stuff,7,3,10
shes,7,3,10
pretty,7,3,10
mind,3,7,10
left,4,6,10
kinda,8,2,10
hey,4,6,10
happy,9,1,10
face,9,1,10
exactly,8,2,10
crying,8,2,10
check,8,2,10
call,5,5,10
bottle,3,7,10
believe,8,2,10
wasnt,7,2,9
understand,5,4,9
try,6,3,9
theyre,2,7,9
story,8,1,9
ready,8,1,9
possible,7,2,9
poor,1,8,9
nice,3,6,9
near,7,2,9
meet,3,6,9
looks,7,2,9
leave,7,2,9
hope,5,4,9
hell,6,3,9
hard,5,4,9
gave,6,3,9
fine,6,3,9
done,5,4,9
doing,7,2,9
course,1,8,9
coming,6,3,9
walk,7,1,8
turns,5,3,8
tonight,2,6,8
tomorrow,6,2,8
stay,6,2,8
ones,4,4,8
later,5,3,8
kids,7,1,8
kidding,7,1,8
isnt,2,6,8
die,5,3,8
days,6,2,8
anymore,5,3,8
years,3,4,7
supposed,5,2,7
soon,2,5,7
small,6,1,7
saying,5,2,7
remember,5,2,7
quite,2,5,7
open,5,2,7
minutes,6,1,7
hello,6,1,7
havent,4,3,7
end,4,3,7
care,3,4,7
captain,6,1,7
came,3,4,7
white,2,4,6
watch,4,2,6
view,5,1,6
use,2,4,6
um,4,2,6
trying,4,2,6
strange,3,3,6
start,2,4,6
serious,4,2,6
river,5,1,6
reading,4,2,6
quiet,4,2,6
police,1,5,6
name,2,4,6
mans,3,3,6
leaving,5,1,6
king,2,4,6
games,5,1,6
feet,5,1,6
fact,2,4,6
couldnt,1,5,6
body,1,5,6
bitch,3,3,6
bit,5,1,6
beer,5,1,6
bad,2,4,6
ah,5,1,6
youll,1,4,5
wont,1,4,5
werent,4,1,5
told,2,3,5
thinking,1,4,5
store,3,2,5
sleep,2,3,5
shoot,4,1,5
shhh,4,1,5
room,2,3,5
relax,4,1,5
mouth,4,1,5
lights,4,1,5
learn,2,3,5
late,1,4,5
knows,4,1,5
killed,1,4,5
hungry,4,1,5
human,2,3,5
hold,3,2,5
high,3,2,5
having,3,2,5
hand,4,1,5
ground,4,1,5
feeling,2,3,5
fear,3,2,5
drink,2,3,5
disappeared,3,2,5
death,2,3,5
dark,4,1,5
creepy,3,2,5
cabin,2,3,5
business,2,3,5
black,1,4,5
big,4,1,5
better,2,3,5
begin,2,3,5
anybody,3,2,5
actually,3,2,5
wow,2,2,4
wouldnt,2,2,4
weed,1,3,4
wake,1,3,4
using,2,2,4
trust,2,2,4
true,2,2,4
tries,3,1,4
touch,2,2,4
times,2,2,4
thee,1,3,4
thanks,1,3,4
tale,1,3,4
taking,3,1,4
stupid,1,3,4
started,1,3,4
stand,1,3,4
smart,3,1,4
show,2,2,4
scotch,3,1,4
scary,3,1,4
run,3,1,4
realize,2,2,4
real,2,2,4
probably,2,2,4
movies,3,1,4
moment,2,2,4
miss,1,3,4
matter,3,1,4
makes,3,1,4
line,1,3,4
kiss,3,1,4
kill,2,2,4
hurt,3,1,4
hows,1,3,4
hot,2,2,4
horse,3,1,4
gone,2,2,4
giving,1,3,4
gets,2,2,4
funny,3,1,4
friend,1,3,4
fight,2,2,4
felt,2,2,4
fall,3,1,4
eyes,3,1,4
different,2,2,4
couple,3,1,4
chest,3,1,4
careful,1,3,4
called,3,1,4
cake,1,3,4
broke,2,2,4
asked,2,2,4
ancient,1,3,4
year,1,2,3
worse,1,2,3
winter,2,1,3
whos,2,1,3
welcome,2,1,3
weird,1,2,3
ways,1,2,3
total,1,2,3
taken,1,2,3
starts,2,1,3
soft,1,2,3
sit,2,1,3
shouldnt,2,1,3
seconds,2,1,3
saw,2,1,3
play,2,1,3
person,1,2,3
nights,2,1,3
natural,1,2,3
naive,2,1,3
messing,2,1,3
means,2,1,3
listen,2,1,3
kind,2,1,3
kept,1,2,3
huh,1,2,3
hill,2,1,3
heres,1,2,3
heavy,2,1,3
hang,2,1,3
guy,1,2,3
gathering,2,1,3
female,1,2,3
exhausted,1,2,3
energy,1,2,3
drop,2,1,3
driving,2,1,3
drive,1,2,3
department,1,2,3
cross,2,1,3
cream,2,1,3
bunch,1,2,3
brought,2,1,3
blood,2,1,3
bite,2,1,3
best,2,1,3
ago,2,1,3
admit,2,1,3
absolutely,2,1,3
wrong,1,1,2
write,1,1,2
worry,1,1,2
working,1,1,2
womans,1,1,2
wish,1,1,2
weight,1,1,2
weekend,1,1,2
wed,1,1,2
unusual,1,1,2
tossed,1,1,2
torture,1,1,2
suppose,1,1,2
step,1,1,2
starting,1,1,2
stands,1,1,2
sister,1,1,2
sign,1,1,2
share,1,1,2
seeing,1,1,2
season,1,1,2
satisfied,1,1,2
safe,1,1,2
rolls,1,1,2
proud,1,1,2
problem,1,1,2
pool,1,1,2
planning,1,1,2
places,1,1,2
part,1,1,2
older,1,1,2
occult,1,1,2
mustard,1,1,2
mess,1,1,2
makeup,1,1,2
lived,1,1,2
lie,1,1,2
laying,1,1,2
job,1,1,2
interesting,1,1,2
interested,1,1,2
hole,1,1,2
hmm,1,1,2
history,1,1,2
harder,1,1,2
halloween,1,1,2
gotten,1,1,2
glass,1,1,2
fun,1,1,2
flesh,1,1,2
figure,1,1,2
familiar,1,1,2
exists,1,1,2
eat,1,1,2
destroyed,1,1,2
deep,1,1,2
cult,1,1,2
control,1,1,2
clear,1,1,2
clean,1,1,2
children,1,1,2
child,1,1,2
certain,1,1,2
books,1,1,2
bleed,1,1,2
beginning,1,1,2
asking,1,1,2
arm,1,1,2
arent,1,1,2
apparently,1,1,2
anyway,1,1,2
amazing,1,1,2
act,1,1,2
heather,525,0,525
mike,331,0,331
josh,274,0,274
cuts,113,0,113
fucking,95,0,95
camera,62,0,62
shit,52,0,52
map,44,0,44
ahead,41,0,41
fuck,39,0,39
tent,33,0,33
fisherman,23,0,23
cut,18,0,18
begins,18,0,18
turn,16,0,16
video,15,0,15
joshs,15,0,15
distance,15,0,15
blair,15,0,15
voice,14,0,14
light,14,0,14
whispers,13,0,13
rock,13,0,13
laughs,13,0,13
laughing,13,0,13
ass,12,0,12
log,11,0,11
hiking,11,0,11
cool,11,0,11
compass,11,0,11
stream,10,0,10
south,10,0,10
slate,10,0,10
mary,10,0,10
dat,10,0,10
cemetery,10,0,10
shooting,9,0,9
pack,9,0,9
camp,9,0,9
walking,8,0,8
seriously,8,0,8
points,8,0,8
mikes,8,0,8
knew,8,0,8
head,8,0,8
fucked,8,0,8
documentary,8,0,8
useless,7,0,7
tree,7,0,7
trail,7,0,7
stairs,7,0,7
outside,7,0,7
mumbles,7,0,7
hours,7,0,7
holding,7,0,7
hands,7,0,7
darkness,7,0,7
crossing,7,0,7
crew,7,0,7
creek,7,0,7
close,7,0,7
christ,7,0,7
brown,7,0,7
yesterday,6,0,6
yah,6,0,6
tired,6,0,6
stick,6,0,6
steps,6,0,6
sitting,6,0,6
project,6,0,6
muffled,6,0,6
mom,6,0,6
middle,6,0,6
laugh,6,0,6
heathers,6,0,6
five,6,0,6
fire,6,0,6
finger,6,0,6
deer,6,0,6
coffin,6,0,6
bound,6,0,6
wheres,5,0,5
wet,5,0,5
walks,5,0,5
twigs,5,0,5
trees,5,0,5
sticks,5,0,5
sleeping,5,0,5
shots,5,0,5
set,5,0,5
rest,5,0,5
rain,5,0,5
playing,5,0,5
mikey,5,0,5
hit,5,0,5
gear,5,0,5
forth,5,0,5
film,5,0,5
east,5,0,5
dude,5,0,5
bullshit,5,0,5
bag,5,0,5
area,5,0,5
wicked,4,0,4
water,4,0,4
totally,4,0,4
top,4,0,4
sobs,4,0,4
sighs,4,0,4
side,4,0,4
scene,4,0,4
running,4,0,4
pocket,4,0,4
piles,4,0,4
pants,4,0,4
pain,4,0,4
packed,4,0,4
meters,4,0,4
making,4,0,4
knock,4,0,4
kicked,4,0,4
insisted,4,0,4
important,4,0,4
hike,4,0,4
haunted,4,0,4
gate,4,0,4
full,4,0,4
filming,4,0,4
fault,4,0,4
far,4,0,4
equipment,4,0,4
dead,4,0,4
damn,4,0,4
cry,4,0,4
cries,4,0,4
cracking,4,0,4
continues,4,0,4
cold,4,0,4
cellar,4,0,4
burkittsville,4,0,4
bundle,4,0,4
book,4,0,4
bodies,4,0,4
asshole,4,0,4
america,4,0,4
alright,4,0,4
writing,3,0,3
worth,3,0,3
whispered,3,0,3
washing,3,0,3
walked,3,0,3
took,3,0,3
throw,3,0,3
telling,3,0,3
supposedly,3,0,3
stops,3,0,3
stopped,3,0,3
standing,3,0,3
somebody,3,0,3
slime,3,0,3
sixteen,3,0,3
sir,3,0,3
silence,3,0,3
shut,3,0,3
shirt,3,0,3
shh,3,0,3
shawl,3,0,3
seven,3,0,3
second,3,0,3
scream,3,0,3
rustling,3,0,3
reality,3,0,3
putting,3,0,3
pushes,3,0,3
potatoes,3,0,3
pile,3,0,3
picks,3,0,3
panting,3,0,3
packs,3,0,3
opening,3,0,3
nope,3,0,3
move,3,0,3
motivation,3,0,3
moans,3,0,3
mister,3,0,3
michael,3,0,3
mashed,3,0,3
marys,3,0,3
maryland,3,0,3
louder,3,0,3
loosing,3,0,3
loose,3,0,3
learned,3,0,3
leaf,3,0,3
hundred,3,0,3
holy,3,0,3
gloves,3,0,3
ghosts,3,0,3
gasps,3,0,3
fur,3,0,3
footage,3,0,3
excited,3,0,3
ended,3,0,3
ditch,3,0,3
diner,3,0,3
defiantly,3,0,3
confronts,3,0,3
cigarette,3,0,3
campsite,3,0,3
cameras,3,0,3
calm,3,0,3
breaks,3,0,3
bought,3,0,3
boots,3,0,3
babies,3,0,3
american,3,0,3
alive,3,0,3
aint,3,0,3
zooms,2,0,2
young,2,0,2
yo,2,0,2
yelling,2,0,2
yell,2,0,2
whisper,2,0,2
whatd,2,0,2
west,2,0,2
wandered,2,0,2
walls,2,0,2
wall,2,0,2
various,2,0,2
unintelligible,2,0,2
uncool,2,0,2
twenty,2,0,2
throws,2,0,2
thick,2,0,2
taping,2,0,2
table,2,0,2
swear,2,0,2
sudden,2,0,2
streams,2,0,2
straight,2,0,2
statement,2,0,2
souvenir,2,0,2
sounding,2,0,2
sounded,2,0,2
sorts,2,0,2
smokes,2,0,2
sky,2,0,2
sings,2,0,2
sing,2,0,2
shows,2,0,2
short,2,0,2
shoes,2,0,2
shivers,2,0,2
shits,2,0,2
shifts,2,0,2
sets,2,0,2
screwed,2,0,2
screams,2,0,2
scouted,2,0,2
schedule,2,0,2
save,2,0,2
salad,2,0,2
runs,2,0,2
row,2,0,2
rocking,2,0,2
road,2,0,2
rising,2,0,2
ripkin,2,0,2
rice,2,0,2
remain,2,0,2
redneck,2,0,2
record,2,0,2
rear,2,0,2
reaching,2,0,2
ran,2,0,2
raisin,2,0,2
quickly,2,0,2
punch,2,0,2
pumpkin,2,0,2
prints,2,0,2
prepare,2,0,2
powerbar,2,0,2
possibly,2,0,2
positive,2,0,2
porch,2,0,2
plan,2,0,2
piece,2,0,2
pie,2,0,2
period,2,0,2
parr,2,0,2
packing,2,0,2
opened,2,0,2
ohhh,2,0,2
obvious,2,0,2
notice,2,0,2
noises,2,0,2
myth,2,0,2
mouse,2,0,2
mountain,2,0,2
motions,2,0,2
motel,2,0,2
moms,2,0,2
mirror,2,0,2
meatball,2,0,2
lying,2,0,2
losing,2,0,2
lens,2,0,2
leaves,2,0,2
laughter,2,0,2
laid,2,0,2
knocked,2,0,2
knees,2,0,2
kay,2,0,2
joshes,2,0,2
island,2,0,2
ieee,2,0,2
ice,2,0,2
hyperventilate,2,0,2
hunted,2,0,2
hitting,2,0,2
hate,2,0,2
harry,2,0,2
hahaha,2,0,2
haha,2,0,2
haaa,2,0,2
guzzling,2,0,2
grows,2,0,2
gray,2,0,2
grab,2,0,2
goddamn,2,0,2
gives,2,0,2
gilligan,2,0,2
fuckin,2,0,2
front,2,0,2
freaking,2,0,2
four,2,0,2
footsteps,2,0,2
fool,2,0,2
following,2,0,2
flashlight,2,0,2
fingers,2,0,2
finally,2,0,2
fighting,2,0,2
field,2,0,2
feels,2,0,2
fat,2,0,2
fart,2,0,2
explore,2,0,2
examines,2,0,2
embankment,2,0,2
eerie,2,0,2
edit,2,0,2
earshot,2,0,2
dunno,2,0,2
doubles,2,0,2
disgust,2,0,2
disappearing,2,0,2
direct,2,0,2
deal,2,0,2
danger,2,0,2
dad,2,0,2
crawl,2,0,2
cp,2,0,2
country,2,0,2
compared,2,0,2
community,2,0,2
comforts,2,0,2
closer,2,0,2
climb,2,0,2
cigarettes,2,0,2
chill,2,0,2
cheeseburger,2,0,2
cars,2,0,2
camping,2,0,2
cal,2,0,2
cackling,2,0,2
breath,2,0,2
breaking,2,0,2
break,2,0,2
branches,2,0,2
bottom,2,0,2
blurry,2,0,2
blows,2,0,2
bloody,2,0,2
bless,2,0,2
blank,2,0,2
bible,2,0,2
betrayed,2,0,2
babbling,2,0,2
awe,2,0,2
asleep,2,0,2
arrives,2,0,2
arms,2,0,2
appears,2,0,2
ahh,2,0,2
zoom,1,0,1
yup,1,0,1
yep,1,0,1
yelled,1,0,1
yeehaww,1,0,1
yawns,1,0,1
yards,1,0,1
writings,1,0,1
wright,1,0,1
wrest,1,0,1
wouldve,1,0,1
worst,1,0,1
wool,1,0,1
wondered,1,0,1
woke,1,0,1
wives,1,0,1
wits,1,0,1
witchll,1,0,1
wine,1,0,1
windshield,1,0,1
windows,1,0,1
wildly,1,0,1
whispering,1,0,1
weeps,1,0,1
weeds,1,0,1
weaver,1,0,1
weasel,1,0,1
waves,1,0,1
watching,1,0,1
warmer,1,0,1
warm,1,0,1
waken,1,0,1
waitress,1,0,1
waaaahooooo,1,0,1
waaaahhhoooo,1,0,1
vultures,1,0,1
vine,1,0,1
vienna,1,0,1
videotapes,1,0,1
vhs,1,0,1
vapor,1,0,1
utz,1,0,1
usually,1,0,1
uruguay,1,0,1
unzips,1,0,1
unzipped,1,0,1
unusually,1,0,1
untie,1,0,1
unsnaged,1,0,1
unknown,1,0,1
unfolded,1,0,1
uncontrollable,1,0,1
uncomforted,1,0,1
uncomfortable,1,0,1
uhhms,1,0,1
twilights,1,0,1
twice,1,0,1
tv,1,0,1
turning,1,0,1
tumbling,1,0,1
truth,1,0,1
trinkets,1,0,1
trick,1,0,1
trembling,1,0,1
traveling,1,0,1
trappers,1,0,1
trailer,1,0,1
track,1,0,1
touching,1,0,1
touched,1,0,1
toss,1,0,1
torso,1,0,1
torn,1,0,1
tore,1,0,1
toe,1,0,1
toast,1,0,1
till,1,0,1
tightly,1,0,1
thrown,1,0,1
throwing,1,0,1
threatened,1,0,1
thinks,1,0,1
thin,1,0,1
thew,1,0,1
theme,1,0,1
terror,1,0,1
terrified,1,0,1
terrible,1,0,1
tells,1,0,1
teeth,1,0,1
tears,1,0,1
tastes,1,0,1
tapings,1,0,1
tape,1,0,1
tall,1,0,1
talking,1,0,1
takes,1,0,1
system,1,0,1
symbols,1,0,1
swivels,1,0,1
swings,1,0,1
swig,1,0,1
swats,1,0,1
surprised,1,0,1
suns,1,0,1
sunday,1,0,1
sun,1,0,1
stutters,1,0,1
student,1,0,1
stuck,1,0,1
struggling,1,0,1
struggles,1,0,1
struggle,1,0,1
structure,1,0,1
strips,1,0,1
strip,1,0,1
string,1,0,1
stress,1,0,1
street,1,0,1
strap,1,0,1
stories,1,0,1
stone,1,0,1
stirring,1,0,1
stir,1,0,1
stench,1,0,1
state,1,0,1
staring,1,0,1
stacked,1,0,1
squatting,1,0,1
spuratic,1,0,1
spite,1,0,1
spirited,1,0,1
spilled,1,0,1
speed,1,0,1
specifically,1,0,1
speaking,1,0,1
spacer,1,0,1
sorta,1,0,1
song,1,0,1
son,1,0,1
somthin,1,0,1
someones,1,0,1
solid,1,0,1
sob,1,0,1
smoking,1,0,1
smiles,1,0,1
smell,1,0,1
smallest,1,0,1
slowly,1,0,1
slippery,1,0,1
slightly,1,0,1
slide,1,0,1
skipper,1,0,1
sketch,1,0,1
sized,1,0,1
six,1,0,1
situation,1,0,1
site,1,0,1
sides,1,0,1
shudders,1,0,1
shudder,1,0,1
shrinking,1,0,1
showing,1,0,1
shoves,1,0,1
shoulder,1,0,1
shortcuts,1,0,1
shopping,1,0,1
ship,1,0,1
shhhhh,1,0,1
sheriff,1,0,1
shanty,1,0,1
shaking,1,0,1
shake,1,0,1
shack,1,0,1
setting,1,0,1
separate,1,0,1
selfish,1,0,1
searched,1,0,1
search,1,0,1
screaming,1,0,1
scratched,1,0,1
scientist,1,0,1
school,1,0,1
scheduled,1,0,1
scattered,1,0,1
sausage,1,0,1
salt,1,0,1
safety,1,0,1
rushed,1,0,1
ruined,1,0,1
rubs,1,0,1
rounds,1,0,1
roots,1,0,1
rolling,1,0,1
roll,1,0,1
robin,1,0,1
roasted,1,0,1
return,1,0,1
rests,1,0,1
responsible,1,0,1
resources,1,0,1
research,1,0,1
reply,1,0,1
removed,1,0,1
remove,1,0,1
religious,1,0,1
relaxed,1,0,1
relatively,1,0,1
refereed,1,0,1
red,1,0,1
recorded,1,0,1
recall,1,0,1
reason,1,0,1
reaches,1,0,1
rationally,1,0,1
rambling,1,0,1
raining,1,0,1
quit,1,0,1
quick,1,0,1
puts,1,0,1
purpose,1,0,1
pure,1,0,1
punctuality,1,0,1
punching,1,0,1
pulls,1,0,1
pull,1,0,1
protruding,1,0,1
properly,1,0,1
profusely,1,0,1
process,1,0,1
pretend,1,0,1
preparing,1,0,1
prepared,1,0,1
precision,1,0,1
positively,1,0,1
portion,1,0,1
poring,1,0,1
plops,1,0,1
pleasantly,1,0,1
plaster,1,0,1
pitch,1,0,1
piss,1,0,1
pick,1,0,1
phew,1,0,1
persons,1,0,1
personally,1,0,1
permission,1,0,1
paw,1,0,1
patterns,1,0,1
patch,1,0,1
passed,1,0,1
pass,1,0,1
party,1,0,1
parts,1,0,1
parked,1,0,1
paraguay,1,0,1
oww,1,0,1
owl,1,0,1
overhmm,1,0,1
orgies,1,0,1
opportunity,1,0,1
omen,1,0,1
offence,1,0,1
october,1,0,1
oclock,1,0,1
occultic,1,0,1
occasion,1,0,1
obviously,1,0,1
oatmeal,1,0,1
numerous,1,0,1
number,1,0,1
noticing,1,0,1
notebook,1,0,1
nostrils,1,0,1
nooo,1,0,1
noise,1,0,1
nods,1,0,1
ninety,1,0,1
nine,1,0,1
nervously,1,0,1
neighbors,1,0,1
necessary,1,0,1
nearby,1,0,1
national,1,0,1
naked,1,0,1
nah,1,0,1
mystified,1,0,1
mucus,1,0,1
moving,1,0,1
moves,1,0,1
mouths,1,0,1
mountiness,1,0,1
motives,1,0,1
moss,1,0,1
moooove,1,0,1
mmmm,1,0,1
misty,1,0,1
mists,1,0,1
missing,1,0,1
millimeter,1,0,1
mending,1,0,1
melty,1,0,1
measure,1,0,1
max,1,0,1
marshmallows,1,0,1
marrrrshmelllowwwss,1,0,1
market,1,0,1
marked,1,0,1
mark,1,0,1
marches,1,0,1
mamma,1,0,1
mag,1,0,1
lungs,1,0,1
lunatic,1,0,1
loudly,1,0,1
loud,1,0,1
lots,1,0,1
looms,1,0,1
looked,1,0,1
logs,1,0,1
locations,1,0,1
locals,1,0,1
loaded,1,0,1
lit,1,0,1
listening,1,0,1
lipstick,1,0,1
lifts,1,0,1
lift,1,0,1
licking,1,0,1
licked,1,0,1
level,1,0,1
lemme,1,0,1
legs,1,0,1
legends,1,0,1
legend,1,0,1
leans,1,0,1
layers,1,0,1
laughed,1,0,1
large,1,0,1
laced,1,0,1
keeps,1,0,1
jut,1,0,1
jumps,1,0,1
juice,1,0,1
joy,1,0,1
joke,1,0,1
jitters,1,0,1
jiggles,1,0,1
jelly,1,0,1
jeans,1,0,1
jabbing,1,0,1
intestines,1,0,1
intention,1,0,1
inspection,1,0,1
inscribed,1,0,1
ingrid,1,0,1
inflicted,1,0,1
indicated,1,0,1
indecipherable,1,0,1
incredibly,1,0,1
incidence,1,0,1
importance,1,0,1
imagine,1,0,1
image,1,0,1
illiterate,1,0,1
ignorance,1,0,1
iee,1,0,1
hysterically,1,0,1
hyperventilating,1,0,1
hushes,1,0,1
hurtin,1,0,1
hurrying,1,0,1
hurry,1,0,1
hunting,1,0,1
humorless,1,0,1
humanly,1,0,1
humanity,1,0,1
huddling,1,0,1
horror,1,0,1
hoooo,1,0,1
holds,1,0,1
historian,1,0,1
hilarious,1,0,1
hhuh,1,0,1
hermit,1,0,1
helps,1,0,1
helping,1,0,1
hedges,1,0,1
heavily,1,0,1
heaters,1,0,1
heartily,1,0,1
hearing,1,0,1
headstones,1,0,1
heads,1,0,1
haunt,1,0,1
hasnt,1,0,1
hardly,1,0,1
happening,1,0,1
happen,1,0,1
hanging,1,0,1
handful,1,0,1
hairy,1,0,1
hairs,1,0,1
gutted,1,0,1
grunt,1,0,1
grow,1,0,1
grocery,1,0,1
greek,1,0,1
graves,1,0,1
gravel,1,0,1
grapple,1,0,1
grandmothers,1,0,1
grace,1,0,1
gory,1,0,1
gore,1,0,1
goes,1,0,1
goddamned,1,0,1
goat,1,0,1
gleaming,1,0,1
glares,1,0,1
girlfriend,1,0,1
gilligans,1,0,1
gigantic,1,0,1
ghost,1,0,1
general,1,0,1
fully,1,0,1
fudge,1,0,1
fucker,1,0,1
fu,1,0,1
freezing,1,0,1
free,1,0,1
freaked,1,0,1
forward,1,0,1
forming,1,0,1
formation,1,0,1
forever,1,0,1
forest,1,0,1
forearm,1,0,1
followed,1,0,1
follow,1,0,1
fogged,1,0,1
floor,1,0,1
flight,1,0,1
flashlights,1,0,1
flap,1,0,1
flannel,1,0,1
flames,1,0,1
flails,1,0,1
flag,1,0,1
fixes,1,0,1
fishing,1,0,1
fishermen,1,0,1
fires,1,0,1
finishing,1,0,1
finishes,1,0,1
finished,1,0,1
finely,1,0,1
final,1,0,1
filtered,1,0,1
filmmakers,1,0,1
filling,1,0,1
filled,1,0,1
fifteen,1,0,1
fiddling,1,0,1
fends,1,0,1
favorite,1,0,1
fast,1,0,1
families,1,0,1
fallow,1,0,1
fallen,1,0,1
facing,1,0,1
extreme,1,0,1
expect,1,0,1
excellent,1,0,1
examine,1,0,1
evidence,1,0,1
everybodys,1,0,1
europe,1,0,1
etched,1,0,1
essential,1,0,1
eof,1,0,1
entranced,1,0,1
entrance,1,0,1
entitled,1,0,1
ends,1,0,1
ending,1,0,1
encounter,1,0,1
eighteenth,1,0,1
ehh,1,0,1
eh,1,0,1
edge,1,0,1
eating,1,0,1
easier,1,0,1
earth,1,0,1
ear,1,0,1
eager,1,0,1
due,1,0,1
dry,1,0,1
drops,1,0,1
drives,1,0,1
drinking,1,0,1
doorstep,1,0,1
doors,1,0,1
door,1,0,1
dollars,1,0,1
dissapeard,1,0,1
disheveled,1,0,1
discovery,1,0,1
dirty,1,0,1
directors,1,0,1
directly,1,0,1
differently,1,0,1
devil,1,0,1
desecration,1,0,1
descends,1,0,1
depth,1,0,1
deny,1,0,1
deliverance,1,0,1
deeply,1,0,1
decoration,1,0,1
decay,1,0,1
dawn,1,0,1
darker,1,0,1
dangling,1,0,1
damned,1,0,1
curve,1,0,1
crys,1,0,1
crumpled,1,0,1
crumbling,1,0,1
crudely,1,0,1
crouch,1,0,1
crossed,1,0,1
creepiest,1,0,1
creative,1,0,1
crawling,1,0,1
crack,1,0,1
covered,1,0,1
counts,1,0,1
coughs,1,0,1
corner,1,0,1
conversation,1,0,1
continue,1,0,1
confusion,1,0,1
confront,1,0,1
confessional,1,0,1
concerned,1,0,1
comprised,1,0,1
complete,1,0,1
complement,1,0,1
committed,1,0,1
comment,1,0,1
comfort,1,0,1
comes,1,0,1
collapses,1,0,1
coincidence,1,0,1
clumps,1,0,1
clue,1,0,1
clothes,1,0,1
closely,1,0,1
climbs,1,0,1
clearing,1,0,1
clamed,1,0,1
clacks,1,0,1
clacker,1,0,1
circling,1,0,1
chunk,1,0,1
chew,1,0,1
cheers,1,0,1
checking,1,0,1
checked,1,0,1
charts,1,0,1
channel,1,0,1
change,1,0,1
chance,1,0,1
chair,1,0,1
ceremonial,1,0,1
cemeteries,1,0,1
caught,1,0,1
cart,1,0,1
carrying,1,0,1
carries,1,0,1
canvas,1,0,1
calmer,1,0,1
cackle,1,0,1
bust,1,0,1
burning,1,0,1
bump,1,0,1
bugs,1,0,1
brink,1,0,1
bring,1,0,1
brief,1,0,1
breathes,1,0,1
breathe,1,0,1
brave,1,0,1
boy,1,0,1
box,1,0,1
bordello,1,0,1
boooooooh,1,0,1
bolt,1,0,1
bolivia,1,0,1
bodied,1,0,1
blue,1,0,1
bloodletting,1,0,1
bleating,1,0,1
bleached,1,0,1
bites,1,0,1
birthday,1,0,1
bends,1,0,1
belly,1,0,1
belive,1,0,1
believed,1,0,1
beings,1,0,1
bathroom,1,0,1
bath,1,0,1
basement,1,0,1
bang,1,0,1
ballerina,1,0,1
backs,1,0,1
awww,1,0,1
autofocuses,1,0,1
attempting,1,0,1
attacks,1,0,1
attacking,1,0,1
article,1,0,1
apologize,1,0,1
apart,1,0,1
anytime,1,0,1
anyones,1,0,1
anthem,1,0,1
angry,1,0,1
angrily,1,0,1
anger,1,0,1
amusing,1,0,1
amount,1,0,1
alrighty,1,0,1
aloud,1,0,1
allowance,1,0,1
agreed,1,0,1
agree,1,0,1
agitated,1,0,1
absurd,1,0,1
absolute,1,0,1
abandoned,1,0,1
heather,0,525,525
mike,0,331,331
josh,0,274,274
cuts,0,113,113
fucking,0,95,95
camera,0,62,62
shit,0,52,52
map,0,44,44
ahead,0,41,41
fuck,0,39,39
tent,0,33,33
fisherman,0,23,23
cut,0,18,18
begins,0,18,18
turn,0,16,16
video,0,15,15
joshs,0,15,15
distance,0,15,15
blair,0,15,15
voice,0,14,14
light,0,14,14
whispers,0,13,13
rock,0,13,13
laughs,0,13,13
laughing,0,13,13
ass,0,12,12
log,0,11,11
hiking,0,11,11
cool,0,11,11
compass,0,11,11
stream,0,10,10
south,0,10,10
slate,0,10,10
mary,0,10,10
dat,0,10,10
cemetery,0,10,10
shooting,0,9,9
pack,0,9,9
camp,0,9,9
walking,0,8,8
seriously,0,8,8
points,0,8,8
mikes,0,8,8
knew,0,8,8
head,0,8,8
fucked,0,8,8
documentary,0,8,8
useless,0,7,7
tree,0,7,7
trail,0,7,7
stairs,0,7,7
outside,0,7,7
mumbles,0,7,7
hours,0,7,7
holding,0,7,7
hands,0,7,7
darkness,0,7,7
crossing,0,7,7
crew,0,7,7
creek,0,7,7
close,0,7,7
christ,0,7,7
brown,0,7,7
yesterday,0,6,6
yah,0,6,6
tired,0,6,6
stick,0,6,6
steps,0,6,6
sitting,0,6,6
project,0,6,6
muffled,0,6,6
mom,0,6,6
middle,0,6,6
laugh,0,6,6
heathers,0,6,6
five,0,6,6
fire,0,6,6
finger,0,6,6
deer,0,6,6
coffin,0,6,6
bound,0,6,6
wheres,0,5,5
wet,0,5,5
walks,0,5,5
twigs,0,5,5
trees,0,5,5
sticks,0,5,5
sleeping,0,5,5
shots,0,5,5
set,0,5,5
rest,0,5,5
rain,0,5,5
playing,0,5,5
mikey,0,5,5
hit,0,5,5
gear,0,5,5
forth,0,5,5
film,0,5,5
east,0,5,5
dude,0,5,5
bullshit,0,5,5
bag,0,5,5
area,0,5,5
wicked,0,4,4
water,0,4,4
totally,0,4,4
top,0,4,4
sobs,0,4,4
sighs,0,4,4
side,0,4,4
scene,0,4,4
running,0,4,4
pocket,0,4,4
piles,0,4,4
pants,0,4,4
pain,0,4,4
packed,0,4,4
meters,0,4,4
making,0,4,4
knock,0,4,4
kicked,0,4,4
insisted,0,4,4
important,0,4,4
hike,0,4,4
haunted,0,4,4
gate,0,4,4
full,0,4,4
filming,0,4,4
fault,0,4,4
far,0,4,4
equipment,0,4,4
dead,0,4,4
damn,0,4,4
cry,0,4,4
cries,0,4,4
cracking,0,4,4
continues,0,4,4
cold,0,4,4
cellar,0,4,4
burkittsville,0,4,4
bundle,0,4,4
book,0,4,4
bodies,0,4,4
asshole,0,4,4
america,0,4,4
alright,0,4,4
writing,0,3,3
worth,0,3,3
whispered,0,3,3
washing,0,3,3
walked,0,3,3
took,0,3,3
throw,0,3,3
telling,0,3,3
supposedly,0,3,3
stops,0,3,3
stopped,0,3,3
standing,0,3,3
somebody,0,3,3
slime,0,3,3
sixteen,0,3,3
sir,0,3,3
silence,0,3,3
shut,0,3,3
shirt,0,3,3
shh,0,3,3
shawl,0,3,3
seven,0,3,3
second,0,3,3
scream,0,3,3
rustling,0,3,3
reality,0,3,3
putting,0,3,3
pushes,0,3,3
potatoes,0,3,3
pile,0,3,3
picks,0,3,3
panting,0,3,3
packs,0,3,3
opening,0,3,3
nope,0,3,3
move,0,3,3
motivation,0,3,3
moans,0,3,3
mister,0,3,3
michael,0,3,3
mashed,0,3,3
marys,0,3,3
maryland,0,3,3
louder,0,3,3
loosing,0,3,3
loose,0,3,3
learned,0,3,3
leaf,0,3,3
hundred,0,3,3
holy,0,3,3
gloves,0,3,3
ghosts,0,3,3
gasps,0,3,3
fur,0,3,3
footage,0,3,3
excited,0,3,3
ended,0,3,3
ditch,0,3,3
diner,0,3,3
defiantly,0,3,3
confronts,0,3,3
cigarette,0,3,3
campsite,0,3,3
cameras,0,3,3
calm,0,3,3
breaks,0,3,3
bought,0,3,3
boots,0,3,3
babies,0,3,3
american,0,3,3
alive,0,3,3
aint,0,3,3
zooms,0,2,2
young,0,2,2
yo,0,2,2
yelling,0,2,2
yell,0,2,2
whisper,0,2,2
whatd,0,2,2
west,0,2,2
wandered,0,2,2
walls,0,2,2
wall,0,2,2
various,0,2,2
unintelligible,0,2,2
uncool,0,2,2
twenty,0,2,2
throws,0,2,2
thick,0,2,2
taping,0,2,2
table,0,2,2
swear,0,2,2
sudden,0,2,2
streams,0,2,2
straight,0,2,2
statement,0,2,2
souvenir,0,2,2
sounding,0,2,2
sounded,0,2,2
sorts,0,2,2
smokes,0,2,2
sky,0,2,2
sings,0,2,2
sing,0,2,2
shows,0,2,2
short,0,2,2
shoes,0,2,2
shivers,0,2,2
shits,0,2,2
shifts,0,2,2
sets,0,2,2
screwed,0,2,2
screams,0,2,2
scouted,0,2,2
schedule,0,2,2
save,0,2,2
salad,0,2,2
runs,0,2,2
row,0,2,2
rocking,0,2,2
road,0,2,2
rising,0,2,2
ripkin,0,2,2
rice,0,2,2
remain,0,2,2
redneck,0,2,2
record,0,2,2
rear,0,2,2
reaching,0,2,2
ran,0,2,2
raisin,0,2,2
quickly,0,2,2
punch,0,2,2
pumpkin,0,2,2
prints,0,2,2
prepare,0,2,2
powerbar,0,2,2
possibly,0,2,2
positive,0,2,2
porch,0,2,2
plan,0,2,2
piece,0,2,2
pie,0,2,2
period,0,2,2
parr,0,2,2
packing,0,2,2
opened,0,2,2
ohhh,0,2,2
obvious,0,2,2
notice,0,2,2
noises,0,2,2
myth,0,2,2
mouse,0,2,2
mountain,0,2,2
motions,0,2,2
motel,0,2,2
moms,0,2,2
mirror,0,2,2
meatball,0,2,2
lying,0,2,2
losing,0,2,2
lens,0,2,2
leaves,0,2,2
laughter,0,2,2
laid,0,2,2
knocked,0,2,2
knees,0,2,2
kay,0,2,2
joshes,0,2,2
island,0,2,2
ieee,0,2,2
ice,0,2,2
hyperventilate,0,2,2
hunted,0,2,2
hitting,0,2,2
hate,0,2,2
harry,0,2,2
hahaha,0,2,2
haha,0,2,2
haaa,0,2,2
guzzling,0,2,2
grows,0,2,2
gray,0,2,2
grab,0,2,2
goddamn,0,2,2
gives,0,2,2
gilligan,0,2,2
fuckin,0,2,2
front,0,2,2
freaking,0,2,2
four,0,2,2
footsteps,0,2,2
fool,0,2,2
following,0,2,2
flashlight,0,2,2
fingers,0,2,2
finally,0,2,2
fighting,0,2,2
field,0,2,2
feels,0,2,2
fat,0,2,2
fart,0,2,2
explore,0,2,2
examines,0,2,2
embankment,0,2,2
eerie,0,2,2
edit,0,2,2
earshot,0,2,2
dunno,0,2,2
doubles,0,2,2
disgust,0,2,2
disappearing,0,2,2
direct,0,2,2
deal,0,2,2
danger,0,2,2
dad,0,2,2
crawl,0,2,2
cp,0,2,2
country,0,2,2
compared,0,2,2
community,0,2,2
comforts,0,2,2
closer,0,2,2
climb,0,2,2
cigarettes,0,2,2
chill,0,2,2
cheeseburger,0,2,2
cars,0,2,2
camping,0,2,2
cal,0,2,2
cackling,0,2,2
breath,0,2,2
breaking,0,2,2
break,0,2,2
branches,0,2,2
bottom,0,2,2
blurry,0,2,2
blows,0,2,2
bloody,0,2,2
bless,0,2,2
blank,0,2,2
bible,0,2,2
betrayed,0,2,2
babbling,0,2,2
awe,0,2,2
asleep,0,2,2
arrives,0,2,2
arms,0,2,2
appears,0,2,2
ahh,0,2,2
zoom,0,1,1
yup,0,1,1
yep,0,1,1
yelled,0,1,1
yeehaww,0,1,1
yawns,0,1,1
yards,0,1,1
writings,0,1,1
wright,0,1,1
wrest,0,1,1
wouldve,0,1,1
worst,0,1,1
wool,0,1,1
wondered,0,1,1
woke,0,1,1
wives,0,1,1
wits,0,1,1
witchll,0,1,1
wine,0,1,1
windshield,0,1,1
windows,0,1,1
wildly,0,1,1
whispering,0,1,1
weeps,0,1,1
weeds,0,1,1
weaver,0,1,1
weasel,0,1,1
waves,0,1,1
watching,0,1,1
warmer,0,1,1
warm,0,1,1
waken,0,1,1
waitress,0,1,1
waaaahooooo,0,1,1
waaaahhhoooo,0,1,1
vultures,0,1,1
vine,0,1,1
vienna,0,1,1
videotapes,0,1,1
vhs,0,1,1
vapor,0,1,1
utz,0,1,1
usually,0,1,1
uruguay,0,1,1
unzips,0,1,1
unzipped,0,1,1
unusually,0,1,1
untie,0,1,1
unsnaged,0,1,1
unknown,0,1,1
unfolded,0,1,1
uncontrollable,0,1,1
uncomforted,0,1,1
uncomfortable,0,1,1
uhhms,0,1,1
twilights,0,1,1
twice,0,1,1
tv,0,1,1
turning,0,1,1
tumbling,0,1,1
truth,0,1,1
trinkets,0,1,1
trick,0,1,1
trembling,0,1,1
traveling,0,1,1
trappers,0,1,1
trailer,0,1,1
track,0,1,1
touching,0,1,1
touched,0,1,1
toss,0,1,1
torso,0,1,1
torn,0,1,1
tore,0,1,1
toe,0,1,1
toast,0,1,1
till,0,1,1
tightly,0,1,1
thrown,0,1,1
throwing,0,1,1
threatened,0,1,1
thinks,0,1,1
thin,0,1,1
thew,0,1,1
theme,0,1,1
terror,0,1,1
terrified,0,1,1
terrible,0,1,1
tells,0,1,1
teeth,0,1,1
tears,0,1,1
tastes,0,1,1
tapings,0,1,1
tape,0,1,1
tall,0,1,1
talking,0,1,1
takes,0,1,1
system,0,1,1
symbols,0,1,1
swivels,0,1,1
swings,0,1,1
swig,0,1,1
swats,0,1,1
surprised,0,1,1
suns,0,1,1
sunday,0,1,1
sun,0,1,1
stutters,0,1,1
student,0,1,1
stuck,0,1,1
struggling,0,1,1
struggles,0,1,1
struggle,0,1,1
structure,0,1,1
strips,0,1,1
strip,0,1,1
string,0,1,1
stress,0,1,1
street,0,1,1
strap,0,1,1
stories,0,1,1
stone,0,1,1
stirring,0,1,1
stir,0,1,1
stench,0,1,1
state,0,1,1
staring,0,1,1
stacked,0,1,1
squatting,0,1,1
spuratic,0,1,1
spite,0,1,1
spirited,0,1,1
spilled,0,1,1
speed,0,1,1
specifically,0,1,1
speaking,0,1,1
spacer,0,1,1
sorta,0,1,1
song,0,1,1
son,0,1,1
somthin,0,1,1
someones,0,1,1
solid,0,1,1
sob,0,1,1
smoking,0,1,1
smiles,0,1,1
smell,0,1,1
smallest,0,1,1
slowly,0,1,1
slippery,0,1,1
slightly,0,1,1
slide,0,1,1
skipper,0,1,1
sketch,0,1,1
sized,0,1,1
six,0,1,1
situation,0,1,1
site,0,1,1
sides,0,1,1
shudders,0,1,1
shudder,0,1,1
shrinking,0,1,1
showing,0,1,1
shoves,0,1,1
shoulder,0,1,1
shortcuts,0,1,1
shopping,0,1,1
ship,0,1,1
shhhhh,0,1,1
sheriff,0,1,1
shanty,0,1,1
shaking,0,1,1
shake,0,1,1
shack,0,1,1
setting,0,1,1
separate,0,1,1
selfish,0,1,1
searched,0,1,1
search,0,1,1
screaming,0,1,1
scratched,0,1,1
scientist,0,1,1
school,0,1,1
scheduled,0,1,1
scattered,0,1,1
sausage,0,1,1
salt,0,1,1
safety,0,1,1
rushed,0,1,1
ruined,0,1,1
rubs,0,1,1
rounds,0,1,1
roots,0,1,1
rolling,0,1,1
roll,0,1,1
robin,0,1,1
roasted,0,1,1
return,0,1,1
rests,0,1,1
responsible,0,1,1
resources,0,1,1
research,0,1,1
reply,0,1,1
removed,0,1,1
remove,0,1,1
religious,0,1,1
relaxed,0,1,1
relatively,0,1,1
refereed,0,1,1
red,0,1,1
recorded,0,1,1
recall,0,1,1
reason,0,1,1
reaches,0,1,1
rationally,0,1,1
rambling,0,1,1
raining,0,1,1
quit,0,1,1
quick,0,1,1
puts,0,1,1
purpose,0,1,1
pure,0,1,1
punctuality,0,1,1
punching,0,1,1
pulls,0,1,1
pull,0,1,1
protruding,0,1,1
properly,0,1,1
profusely,0,1,1
process,0,1,1
pretend,0,1,1
preparing,0,1,1
prepared,0,1,1
precision,0,1,1
positively,0,1,1
portion,0,1,1
poring,0,1,1
plops,0,1,1
pleasantly,0,1,1
plaster,0,1,1
pitch,0,1,1
piss,0,1,1
pick,0,1,1
phew,0,1,1
persons,0,1,1
personally,0,1,1
permission,0,1,1
paw,0,1,1
patterns,0,1,1
patch,0,1,1
passed,0,1,1
pass,0,1,1
party,0,1,1
parts,0,1,1
parked,0,1,1
paraguay,0,1,1
oww,0,1,1
owl,0,1,1
overhmm,0,1,1
orgies,0,1,1
opportunity,0,1,1
omen,0,1,1
offence,0,1,1
october,0,1,1
oclock,0,1,1
occultic,0,1,1
occasion,0,1,1
obviously,0,1,1
oatmeal,0,1,1
numerous,0,1,1
number,0,1,1
noticing,0,1,1
notebook,0,1,1
nostrils,0,1,1
nooo,0,1,1
noise,0,1,1
nods,0,1,1
ninety,0,1,1
nine,0,1,1
nervously,0,1,1
neighbors,0,1,1
necessary,0,1,1
nearby,0,1,1
national,0,1,1
naked,0,1,1
nah,0,1,1
mystified,0,1,1
mucus,0,1,1
moving,0,1,1
moves,0,1,1
mouths,0,1,1
mountiness,0,1,1
motives,0,1,1
moss,0,1,1
moooove,0,1,1
mmmm,0,1,1
misty,0,1,1
mists,0,1,1
missing,0,1,1
millimeter,0,1,1
mending,0,1,1
melty,0,1,1
measure,0,1,1
max,0,1,1
marshmallows,0,1,1
marrrrshmelllowwwss,0,1,1
market,0,1,1
marked,0,1,1
mark,0,1,1
marches,0,1,1
mamma,0,1,1
mag,0,1,1
lungs,0,1,1
lunatic,0,1,1
loudly,0,1,1
loud,0,1,1
lots,0,1,1
looms,0,1,1
looked,0,1,1
logs,0,1,1
locations,0,1,1
locals,0,1,1
loaded,0,1,1
lit,0,1,1
listening,0,1,1
lipstick,0,1,1
lifts,0,1,1
lift,0,1,1
licking,0,1,1
licked,0,1,1
level,0,1,1
lemme,0,1,1
legs,0,1,1
legends,0,1,1
legend,0,1,1
leans,0,1,1
layers,0,1,1
laughed,0,1,1
large,0,1,1
laced,0,1,1
keeps,0,1,1
jut,0,1,1
jumps,0,1,1
juice,0,1,1
joy,0,1,1
joke,0,1,1
jitters,0,1,1
jiggles,0,1,1
jelly,0,1,1
jeans,0,1,1
jabbing,0,1,1
intestines,0,1,1
intention,0,1,1
inspection,0,1,1
inscribed,0,1,1
ingrid,0,1,1
inflicted,0,1,1
indicated,0,1,1
indecipherable,0,1,1
incredibly,0,1,1
incidence,0,1,1
importance,0,1,1
imagine,0,1,1
image,0,1,1
illiterate,0,1,1
ignorance,0,1,1
iee,0,1,1
hysterically,0,1,1
hyperventilating,0,1,1
hushes,0,1,1
hurtin,0,1,1
hurrying,0,1,1
hurry,0,1,1
hunting,0,1,1
humorless,0,1,1
humanly,0,1,1
humanity,0,1,1
huddling,0,1,1
horror,0,1,1
hoooo,0,1,1
holds,0,1,1
historian,0,1,1
hilarious,0,1,1
hhuh,0,1,1
hermit,0,1,1
helps,0,1,1
helping,0,1,1
hedges,0,1,1
heavily,0,1,1
heaters,0,1,1
heartily,0,1,1
hearing,0,1,1
headstones,0,1,1
heads,0,1,1
haunt,0,1,1
hasnt,0,1,1
hardly,0,1,1
happening,0,1,1
happen,0,1,1
hanging,0,1,1
handful,0,1,1
hairy,0,1,1
hairs,0,1,1
gutted,0,1,1
grunt,0,1,1
grow,0,1,1
grocery,0,1,1
greek,0,1,1
graves,0,1,1
gravel,0,1,1
grapple,0,1,1
grandmothers,0,1,1
grace,0,1,1
gory,0,1,1
gore,0,1,1
goes,0,1,1
goddamned,0,1,1
goat,0,1,1
gleaming,0,1,1
glares,0,1,1
girlfriend,0,1,1
gilligans,0,1,1
gigantic,0,1,1
ghost,0,1,1
general,0,1,1
fully,0,1,1
fudge,0,1,1
fucker,0,1,1
fu,0,1,1
freezing,0,1,1
free,0,1,1
freaked,0,1,1
forward,0,1,1
forming,0,1,1
formation,0,1,1
forever,0,1,1
forest,0,1,1
forearm,0,1,1
followed,0,1,1
follow,0,1,1
fogged,0,1,1
floor,0,1,1
flight,0,1,1
flashlights,0,1,1
flap,0,1,1
flannel,0,1,1
flames,0,1,1
flails,0,1,1
flag,0,1,1
fixes,0,1,1
fishing,0,1,1
fishermen,0,1,1
fires,0,1,1
finishing,0,1,1
finishes,0,1,1
finished,0,1,1
finely,0,1,1
final,0,1,1
filtered,0,1,1
filmmakers,0,1,1
filling,0,1,1
filled,0,1,1
fifteen,0,1,1
fiddling,0,1,1
fends,0,1,1
favorite,0,1,1
fast,0,1,1
families,0,1,1
fallow,0,1,1
fallen,0,1,1
facing,0,1,1
extreme,0,1,1
expect,0,1,1
excellent,0,1,1
examine,0,1,1
evidence,0,1,1
everybodys,0,1,1
europe,0,1,1
etched,0,1,1
essential,0,1,1
eof,0,1,1
entranced,0,1,1
entrance,0,1,1
entitled,0,1,1
ends,0,1,1
ending,0,1,1
encounter,0,1,1
eighteenth,0,1,1
ehh,0,1,1
eh,0,1,1
edge,0,1,1
eating,0,1,1
easier,0,1,1
earth,0,1,1
ear,0,1,1
eager,0,1,1
due,0,1,1
dry,0,1,1
drops,0,1,1
drives,0,1,1
drinking,0,1,1
doorstep,0,1,1
doors,0,1,1
door,0,1,1
dollars,0,1,1
dissapeard,0,1,1
disheveled,0,1,1
discovery,0,1,1
dirty,0,1,1
directors,0,1,1
directly,0,1,1
differently,0,1,1
devil,0,1,1
desecration,0,1,1
descends,0,1,1
depth,0,1,1
deny,0,1,1
deliverance,0,1,1
deeply,0,1,1
decoration,0,1,1
decay,0,1,1
dawn,0,1,1
darker,0,1,1
dangling,0,1,1
damned,0,1,1
curve,0,1,1
crys,0,1,1
crumpled,0,1,1
crumbling,0,1,1
crudely,0,1,1
crouch,0,1,1
crossed,0,1,1
creepiest,0,1,1
creative,0,1,1
crawling,0,1,1
crack,0,1,1
covered,0,1,1
counts,0,1,1
coughs,0,1,1
corner,0,1,1
conversation,0,1,1
continue,0,1,1
confusion,0,1,1
confront,0,1,1
confessional,0,1,1
concerned,0,1,1
comprised,0,1,1
complete,0,1,1
complement,0,1,1
committed,0,1,1
comment,0,1,1
comfort,0,1,1
comes,0,1,1
collapses,0,1,1
coincidence,0,1,1
clumps,0,1,1
clue,0,1,1
clothes,0,1,1
closely,0,1,1
climbs,0,1,1
clearing,0,1,1
clamed,0,1,1
clacks,0,1,1
clacker,0,1,1
circling,0,1,1
chunk,0,1,1
chew,0,1,1
cheers,0,1,1
checking,0,1,1
checked,0,1,1
charts,0,1,1
channel,0,1,1
change,0,1,1
chance,0,1,1
chair,0,1,1
ceremonial,0,1,1
cemeteries,0,1,1
caught,0,1,1
cart,0,1,1
carrying,0,1,1
carries,0,1,1
canvas,0,1,1
calmer,0,1,1
cackle,0,1,1
bust,0,1,1
burning,0,1,1
bump,0,1,1
bugs,0,1,1
brink,0,1,1
bring,0,1,1
brief,0,1,1
breathes,0,1,1
breathe,0,1,1
brave,0,1,1
boy,0,1,1
box,0,1,1
bordello,0,1,1
boooooooh,0,1,1
bolt,0,1,1
bolivia,0,1,1
bodied,0,1,1
blue,0,1,1
bloodletting,0,1,1
bleating,0,1,1
bleached,0,1,1
bites,0,1,1
birthday,0,1,1
bends,0,1,1
belly,0,1,1
belive,0,1,1
believed,0,1,1
beings,0,1,1
bathroom,0,1,1
bath,0,1,1
basement,0,1,1
bang,0,1,1
ballerina,0,1,1
backs,0,1,1
awww,0,1,1
autofocuses,0,1,1
attempting,0,1,1
attacks,0,1,1
attacking,0,1,1
article,0,1,1
apologize,0,1,1
apart,0,1,1
anytime,0,1,1
anyones,0,1,1
anthem,0,1,1
angry,0,1,1
angrily,0,1,1
anger,0,1,1
amusing,0,1,1
amount,0,1,1
alrighty,0,1,1
aloud,0,1,1
allowance,0,1,1
agreed,0,1,1
agree,0,1,1
agitated,0,1,1
absurd,0,1,1
absolute,0,1,1
abandoned,0,1,1