word,The Craft,Eve s Bayou,total
dont,63,53,116
know,57,44,101
im,56,36,92
do,55,30,85
just,44,37,81
go,44,35,79
like,36,27,63
youre,31,28,59
want,34,25,59
come,30,25,55
good,23,29,52
get,22,29,51
think,30,20,50
oh,31,19,50
yeah,42,4,46
thats,26,19,45
did,22,23,45
look,27,15,42
right,23,18,41
ill,16,24,40
night,3,35,38
whats,24,12,36
going,22,14,36
god,20,16,36
see,17,17,34
cant,18,16,34
tell,9,24,33
sorry,25,6,31
shes,20,11,31
really,26,5,31
eve,1,30,31
back,17,14,31
stop,23,7,30
didnt,19,11,30
love,11,18,29
hes,17,12,29
please,20,8,28
let,8,20,28
okay,21,6,27
home,9,17,26
wait,16,9,25
say,5,20,25
said,6,18,24
need,14,9,23
yes,8,14,22
got,8,14,22
dead,5,16,21
baby,2,19,21
time,5,15,20
mean,16,4,20
maybe,15,5,20
woman,1,18,19
take,9,10,19
man,6,13,19
little,14,5,19
kill,6,13,19
away,8,11,19
make,10,8,18
house,3,15,18
hey,1,17,18
gonna,15,3,18
way,11,6,17
lets,9,8,17
give,6,11,17
wrong,5,11,16
theyre,11,5,16
head,12,4,16
happened,7,9,16
fine,8,8,16
understand,8,7,15
thought,9,6,15
shit,13,2,15
put,6,9,15
looking,7,8,15
hit,6,9,15
hi,9,6,15
feel,8,7,15
youll,2,12,14
three,8,6,14
people,8,6,14
ive,5,9,14
hear,8,6,14
better,6,8,14
things,6,7,13
thing,7,6,13
red,4,9,13
power,12,1,13
help,5,8,13
hell,4,9,13
wanted,4,8,12
told,5,7,12
life,6,6,12
leave,5,7,12
harm,10,2,12
doing,8,4,12
damn,1,11,12
cause,5,7,12
thee,9,2,11
thank,3,8,11
sure,7,4,11
keep,5,6,11
day,3,8,11
bye,4,7,11
beautiful,6,5,11
bad,6,5,11
trying,6,4,10
talk,4,6,10
saying,8,2,10
saw,2,8,10
outside,2,8,10
old,2,8,10
nice,9,1,10
made,5,5,10
listen,6,4,10
hold,6,4,10
hair,5,5,10
girls,9,1,10
find,3,7,10
am,4,6,10
witch,8,1,9
true,3,6,9
theres,4,5,9
stay,6,3,9
scared,4,5,9
mrs,1,8,9
mother,5,4,9
money,5,4,9
late,3,6,9
kind,2,7,9
honey,8,1,9
girl,6,3,9
gave,3,6,9
finger,5,4,9
father,2,7,9
believe,6,3,9
bed,2,7,9
working,7,1,8
wont,1,7,8
two,1,7,8
talking,7,1,8
real,5,3,8
read,5,3,8
mind,4,4,8
loved,2,6,8
inside,5,3,8
id,2,6,8
hurt,2,6,8
five,4,4,8
earth,6,2,8
daughter,1,7,8
coming,4,4,8
work,3,4,7
watch,6,1,7
waiting,2,5,7
supposed,4,3,7
shut,5,2,7
second,5,2,7
run,4,3,7
mom,4,3,7
kissing,1,6,7
killed,6,1,7
kids,1,6,7
heart,3,4,7
heard,2,5,7
hate,6,1,7
guess,3,4,7
great,5,2,7
gone,3,4,7
eyes,4,3,7
doesnt,6,1,7
does,4,3,7
crazy,3,4,7
course,3,4,7
came,3,4,7
big,6,1,7
ask,4,3,7
afraid,3,4,7
whos,4,2,6
try,4,2,6
touch,5,1,6
tonight,2,4,6
thinking,4,2,6
stuff,4,2,6
remember,3,3,6
pretty,5,1,6
practice,4,2,6
place,4,2,6
party,2,4,6
mr,2,4,6
minute,2,4,6
matter,5,1,6
having,3,3,6
hard,2,4,6
happy,1,5,6
happen,5,1,6
goddamn,2,4,6
getting,4,2,6
feather,4,2,6
end,4,2,6
eat,1,5,6
drink,4,2,6
door,1,5,6
deep,3,3,6
darling,2,4,6
child,1,5,6
ass,4,2,6
anyway,2,4,6
air,5,1,6
aint,2,4,6
weak,4,1,5
water,4,1,5
use,3,2,5
thy,1,4,5
speak,1,4,5
sleep,2,3,5
sit,4,1,5
show,3,2,5
says,4,1,5
reason,3,2,5
ran,2,3,5
play,2,3,5
perfect,4,1,5
new,3,2,5
move,4,1,5
makes,4,1,5
mad,1,4,5
looked,1,4,5
long,1,4,5
lady,1,4,5
knows,1,4,5
hows,3,2,5
heavy,3,2,5
hand,2,3,5
friends,4,1,5
forget,4,1,5
flying,3,2,5
fire,4,1,5
feeling,2,3,5
everybody,3,2,5
comes,3,2,5
car,3,2,5
called,3,2,5
board,4,1,5
anymore,1,4,5
youve,1,3,4
world,1,3,4
weve,2,2,4
voice,1,3,4
used,2,2,4
upstairs,1,3,4
turn,2,2,4
today,3,1,4
thanks,2,2,4
taking,1,3,4
sweet,2,2,4
surprised,3,1,4
straight,2,2,4
storm,2,2,4
sister,1,3,4
shell,1,3,4
room,3,1,4
person,1,3,4
open,2,2,4
lying,1,3,4
live,1,3,4
later,2,2,4
hour,2,2,4
found,2,2,4
fault,1,3,4
excuse,1,3,4
devil,3,1,4
dear,3,1,4
close,3,1,4
calm,2,2,4
butt,3,1,4
boy,1,3,4
body,3,1,4
black,3,1,4
youd,2,1,3
wouldnt,1,2,3
women,1,2,3
wish,1,2,3
week,1,2,3
wasnt,1,2,3
usually,2,1,3
turned,1,2,3
trust,2,1,3
tomorrow,2,1,3
telling,1,2,3
stupid,1,2,3
story,1,2,3
started,2,1,3
special,2,1,3
seen,2,1,3
rub,2,1,3
quiet,1,2,3
pray,1,2,3
phone,2,1,3
paid,1,2,3
miss,1,2,3
middle,2,1,3
lot,2,1,3
leaves,1,2,3
kitchen,1,2,3
keeps,2,1,3
joke,2,1,3
isnt,2,1,3
huh,2,1,3
holy,2,1,3
hanging,2,1,3
goes,2,1,3
glory,2,1,3
fuck,1,2,3
fall,2,1,3
dream,2,1,3
dinner,2,1,3
de,1,2,3
days,2,1,3
couldnt,2,1,3
conversation,1,2,3
clear,1,2,3
check,1,2,3
care,1,2,3
blind,1,2,3
bag,1,2,3
apologize,2,1,3
anderson,1,2,3
amazing,2,1,3
write,1,1,2
worst,1,1,2
wondering,1,1,2
window,1,1,2
uh,1,1,2
theyd,1,1,2
tells,1,1,2
starts,1,1,2
start,1,1,2
st,1,1,2
spent,1,1,2
soon,1,1,2
snake,1,1,2
set,1,1,2
send,1,1,2
seeing,1,1,2
saved,1,1,2
save,1,1,2
safe,1,1,2
sad,1,1,2
price,1,1,2
prayers,1,1,2
position,1,1,2
pool,1,1,2
plays,1,1,2
playing,1,1,2
part,1,1,2
painful,1,1,2
ones,1,1,2
moving,1,1,2
morning,1,1,2
moon,1,1,2
message,1,1,2
lie,1,1,2
leaving,1,1,2
la,1,1,2
invented,1,1,2
important,1,1,2
idea,1,1,2
hurting,1,1,2
grace,1,1,2
games,1,1,2
fun,1,1,2
four,1,1,2
follow,1,1,2
fixed,1,1,2
felt,1,1,2
fat,1,1,2
falling,1,1,2
face,1,1,2
empty,1,1,2
different,1,1,2
cute,1,1,2
cruel,1,1,2
cow,1,1,2
cool,1,1,2
color,1,1,2
chance,1,1,2
bet,1,1,2
beauty,1,1,2
bathroom,1,1,2
assholes,1,1,2
anybody,1,1,2
allow,1,1,2
ago,1,1,2
act,1,1,2
accidents,1,1,2
sarah,29,0,29
nancy,21,0,21
guys,18,0,18
chris,17,0,17
powers,10,0,10
manon,10,0,10
invoke,10,0,10
light,9,0,9
watchtowers,8,0,8
magic,8,0,8
laura,8,0,8
hail,8,0,8
guardians,8,0,8
times,7,0,7
pay,7,0,7
bonnie,7,0,7
weird,6,0,6
pathetic,6,0,6
north,6,0,6
fourth,6,0,6
dad,6,0,6
circle,6,0,6
call,6,0,6
spell,5,0,5
rochelle,5,0,5
paranoid,5,0,5
gotta,5,0,5
francis,5,0,5
connie,5,0,5
bitch,5,0,5
tricky,4,0,4
sisters,4,0,4
school,4,0,4
scars,4,0,4
san,4,0,4
lights,4,0,4
hello,4,0,4
francisco,4,0,4
football,4,0,4
enter,4,0,4
couch,4,0,4
book,4,0,4
bind,4,0,4
arent,4,0,4
actually,4,0,4
white,3,0,3
west,3,0,3
tv,3,0,3
stiff,3,0,3
spirit,3,0,3
spells,3,0,3
south,3,0,3
somebody,3,0,3
serpent,3,0,3
relax,3,0,3
ready,3,0,3
ray,3,0,3
nature,3,0,3
natural,3,0,3
looks,3,0,3
jesus,3,0,3
jealous,3,0,3
heads,3,0,3
happening,3,0,3
hang,3,0,3
guy,3,0,3
glamour,3,0,3
funny,3,0,3
exist,3,0,3
east,3,0,3
downs,3,0,3
cry,3,0,3
corners,3,0,3
completely,3,0,3
blonde,3,0,3
bill,3,0,3
bigger,3,0,3
balance,3,0,3
apartment,3,0,3
worked,2,0,2
witches,2,0,2
win,2,0,2
whyd,2,0,2
weirdos,2,0,2
ways,2,0,2
warm,2,0,2
wanna,2,0,2
walk,2,0,2
unto,2,0,2
uniform,2,0,2
undo,2,0,2
underneath,2,0,2
twenty,2,0,2
truth,2,0,2
tried,2,0,2
throwing,2,0,2
takes,2,0,2
surprise,2,0,2
sucks,2,0,2
steal,2,0,2
slut,2,0,2
slit,2,0,2
size,2,0,2
shall,2,0,2
scary,2,0,2
salon,2,0,2
rush,2,0,2
roof,2,0,2
rochelles,2,0,2
results,2,0,2
relaxed,2,0,2
reach,2,0,2
procedure,2,0,2
powerful,2,0,2
policy,2,0,2
plane,2,0,2
peace,2,0,2
noninvasive,2,0,2
needle,2,0,2
nah,2,0,2
mine,2,0,2
learn,2,0,2
laid,2,0,2
juke,2,0,2
jerk,2,0,2
jenny,2,0,2
impressed,2,0,2
hundred,2,0,2
howd,2,0,2
hot,2,0,2
hooker,2,0,2
havent,2,0,2
green,2,0,2
form,2,0,2
fly,2,0,2
fingers,2,0,2
fear,2,0,2
far,2,0,2
experience,2,0,2
especially,2,0,2
dreams,2,0,2
discount,2,0,2
definitely,2,0,2
deal,2,0,2
concentrate,2,0,2
busy,2,0,2
box,2,0,2
blessed,2,0,2
bleeding,2,0,2
blade,2,0,2
accident,2,0,2
writing,1,0,1
wrists,1,0,1
wreckage,1,0,1
wrap,1,0,1
wow,1,0,1
worship,1,0,1
wonderful,1,0,1
wonder,1,0,1
wise,1,0,1
wind,1,0,1
wick,1,0,1
whores,1,0,1
whore,1,0,1
wholeness,1,0,1
whoa,1,0,1
whered,1,0,1
whatd,1,0,1
wear,1,0,1
watching,1,0,1
warranties,1,0,1
warming,1,0,1
waah,1,0,1
view,1,0,1
veins,1,0,1
upright,1,0,1
unofficially,1,0,1
unleash,1,0,1
undoing,1,0,1
turns,1,0,1
trip,1,0,1
treys,1,0,1
tremendous,1,0,1
trees,1,0,1
treating,1,0,1
treat,1,0,1
travel,1,0,1
trash,1,0,1
trail,1,0,1
tragedy,1,0,1
towels,1,0,1
totally,1,0,1
todays,1,0,1
tits,1,0,1
tiny,1,0,1
throat,1,0,1
threefold,1,0,1
thoughts,1,0,1
therapy,1,0,1
theological,1,0,1
tempting,1,0,1
temple,1,0,1
teach,1,0,1
taxis,1,0,1
suspect,1,0,1
survivors,1,0,1
survival,1,0,1
surround,1,0,1
surrender,1,0,1
superb,1,0,1
sun,1,0,1
summon,1,0,1
suits,1,0,1
suffering,1,0,1
suffer,1,0,1
subtle,1,0,1
strong,1,0,1
strange,1,0,1
stir,1,0,1
sting,1,0,1
stepford,1,0,1
steals,1,0,1
stare,1,0,1
standard,1,0,1
stairs,1,0,1
stadium,1,0,1
square,1,0,1
spreads,1,0,1
sprained,1,0,1
split,1,0,1
spiritual,1,0,1
spending,1,0,1
spanish,1,0,1
space,1,0,1
sounded,1,0,1
sort,1,0,1
song,1,0,1
somewhat,1,0,1
somethin,1,0,1
social,1,0,1
snakes,1,0,1
snail,1,0,1
smaller,1,0,1
slick,1,0,1
sleeping,1,0,1
simpler,1,0,1
side,1,0,1
shy,1,0,1
shrunken,1,0,1
shouldve,1,0,1
shopping,1,0,1
shone,1,0,1
shitty,1,0,1
shear,1,0,1
sharp,1,0,1
shark,1,0,1
shape,1,0,1
shampoo,1,0,1
severe,1,0,1
seventy,1,0,1
seriously,1,0,1
sell,1,0,1
seat,1,0,1
sea,1,0,1
screwing,1,0,1
screwed,1,0,1
scattered,1,0,1
saunders,1,0,1
satan,1,0,1
sarahs,1,0,1
sack,1,0,1
rushed,1,0,1
running,1,0,1
ruler,1,0,1
rude,1,0,1
rocks,1,0,1
rock,1,0,1
risk,1,0,1
ring,1,0,1
retrieved,1,0,1
restaurant,1,0,1
rest,1,0,1
responsible,1,0,1
respect,1,0,1
relieved,1,0,1
relatively,1,0,1
regarding,1,0,1
records,1,0,1
rearview,1,0,1
reading,1,0,1
rain,1,0,1
rag,1,0,1
racist,1,0,1
questions,1,0,1
puppy,1,0,1
punk,1,0,1
pulled,1,0,1
pubic,1,0,1
provisions,1,0,1
processing,1,0,1
probably,1,0,1
principal,1,0,1
practical,1,0,1
possible,1,0,1
poor,1,0,1
police,1,0,1
played,1,0,1
planet,1,0,1
plan,1,0,1
pipe,1,0,1
pig,1,0,1
pieces,1,0,1
pick,1,0,1
personally,1,0,1
personal,1,0,1
pension,1,0,1
penetrates,1,0,1
peg,1,0,1
pedicure,1,0,1
passes,1,0,1
pass,1,0,1
palms,1,0,1
oxygen,1,0,1
ooh,1,0,1
onlooker,1,0,1
oldest,1,0,1
older,1,0,1
officials,1,0,1
obsession,1,0,1
noticing,1,0,1
noticed,1,0,1
nobodys,1,0,1
nightmare,1,0,1
news,1,0,1
neighbors,1,0,1
neighborhood,1,0,1
negroids,1,0,1
needs,1,0,1
nasty,1,0,1
narcissistic,1,0,1
nappy,1,0,1
nancys,1,0,1
nailed,1,0,1
moves,1,0,1
mothers,1,0,1
mood,1,0,1
monster,1,0,1
mister,1,0,1
missing,1,0,1
mirror,1,0,1
mile,1,0,1
mexican,1,0,1
meeting,1,0,1
mays,1,0,1
mass,1,0,1
mark,1,0,1
manners,1,0,1
mammoth,1,0,1
major,1,0,1
magical,1,0,1
luck,1,0,1
low,1,0,1
loving,1,0,1
lousiest,1,0,1
los,1,0,1
loni,1,0,1
lizzies,1,0,1
lizzie,1,0,1
listening,1,0,1
lirio,1,0,1
liked,1,0,1
lid,1,0,1
letting,1,0,1
lend,1,0,1
learning,1,0,1
lazy,1,0,1
lays,1,0,1
lay,1,0,1
lab,1,0,1
known,1,0,1
knife,1,0,1
judge,1,0,1
jock,1,0,1
jennyll,1,0,1
jacket,1,0,1
itll,1,0,1
invoking,1,0,1
investigationi,1,0,1
invention,1,0,1
intuition,1,0,1
interrupt,1,0,1
interesting,1,0,1
intensely,1,0,1
instructions,1,0,1
index,1,0,1
incredibly,1,0,1
imagine,1,0,1
illusion,1,0,1
humiliating,1,0,1
howre,1,0,1
honestly,1,0,1
homeroom,1,0,1
hole,1,0,1
hmm,1,0,1
higher,1,0,1
high,1,0,1
hiding,1,0,1
helped,1,0,1
hat,1,0,1
hallucinate,1,0,1
half,1,0,1
hairy,1,0,1
hairs,1,0,1
guardian,1,0,1
group,1,0,1
ground,1,0,1
gross,1,0,1
groove,1,0,1
gotcha,1,0,1
global,1,0,1
glad,1,0,1
gives,1,0,1
given,1,0,1
girlfriends,1,0,1
girlfriend,1,0,1
gifts,1,0,1
gift,1,0,1
genius,1,0,1
genesis,1,0,1
gene,1,0,1
gathering,1,0,1
game,1,0,1
full,1,0,1
frighten,1,0,1
friendship,1,0,1
french,1,0,1
freaking,1,0,1
forms,1,0,1
fool,1,0,1
food,1,0,1
focus,1,0,1
flowing,1,0,1
floors,1,0,1
floodgate,1,0,1
flooded,1,0,1
flight,1,0,1
flew,1,0,1
fills,1,0,1
fill,1,0,1
fifth,1,0,1
field,1,0,1
feet,1,0,1
fathers,1,0,1
faiths,1,0,1
faa,1,0,1
explains,1,0,1
experimental,1,0,1
experienced,1,0,1
expect,1,0,1
exactly,1,0,1
ends,1,0,1
effects,1,0,1
eastwick,1,0,1
drier,1,0,1
draper,1,0,1
dollars,1,0,1
doin,1,0,1
ditching,1,0,1
disgusting,1,0,1
disease,1,0,1
disagreed,1,0,1
difficult,1,0,1
died,1,0,1
dicks,1,0,1
dick,1,0,1
diary,1,0,1
details,1,0,1
deserved,1,0,1
deserve,1,0,1
defenses,1,0,1
defeat,1,0,1
deaf,1,0,1
daytime,1,0,1
date,1,0,1
dark,1,0,1
dangerous,1,0,1
damask,1,0,1
dads,1,0,1
curtains,1,0,1
curtain,1,0,1
crashed,1,0,1
crash,1,0,1
craf,1,0,1
coward,1,0,1
coven,1,0,1
correctly,1,0,1
control,1,0,1
contacts,1,0,1
connection,1,0,1
confirms,1,0,1
concentrating,1,0,1
company,1,0,1
commitment,1,0,1
coffee,1,0,1
clean,1,0,1
class,1,0,1
city,1,0,1
chunk,1,0,1
christ,1,0,1
chip,1,0,1
chant,1,0,1
challenge,1,0,1
cast,1,0,1
cash,1,0,1
carry,1,0,1
careful,1,0,1
candles,1,0,1
calls,1,0,1
buy,1,0,1
burst,1,0,1
burp,1,0,1
burn,1,0,1
built,1,0,1
bugs,1,0,1
bug,1,0,1
brush,1,0,1
brown,1,0,1
bro,1,0,1
bring,1,0,1
brilliant,1,0,1
brief,1,0,1
breathing,1,0,1
breath,1,0,1
bravo,1,0,1
bothers,1,0,1
bonnies,1,0,1
bonjour,1,0,1
bleached,1,0,1
bleach,1,0,1
blackbox,1,0,1
bitter,1,0,1
bitten,1,0,1
bitches,1,0,1
biology,1,0,1
binding,1,0,1
betrayed,1,0,1
bernard,1,0,1
benefits,1,0,1
belong,1,0,1
begging,1,0,1
bedroom,1,0,1
beaucoup,1,0,1
basic,1,0,1
bailey,1,0,1
backs,1,0,1
available,1,0,1
authorities,1,0,1
attitude,1,0,1
attention,1,0,1
asshole,1,0,1
assembly,1,0,1
arrival,1,0,1
armature,1,0,1
arm,1,0,1
area,1,0,1
anyways,1,0,1
answer,1,0,1
animals,1,0,1
angeles,1,0,1
ancient,1,0,1
almanac,1,0,1
allover,1,0,1
alert,1,0,1
aid,1,0,1
ahead,1,0,1
ages,1,0,1
abused,1,0,1
ability,1,0,1
sarah,0,29,29
nancy,0,21,21
guys,0,18,18
chris,0,17,17
powers,0,10,10
manon,0,10,10
invoke,0,10,10
light,0,9,9
watchtowers,0,8,8
magic,0,8,8
laura,0,8,8
hail,0,8,8
guardians,0,8,8
times,0,7,7
pay,0,7,7
bonnie,0,7,7
weird,0,6,6
pathetic,0,6,6
north,0,6,6
fourth,0,6,6
dad,0,6,6
circle,0,6,6
call,0,6,6
spell,0,5,5
rochelle,0,5,5
paranoid,0,5,5
gotta,0,5,5
francis,0,5,5
connie,0,5,5
bitch,0,5,5
tricky,0,4,4
sisters,0,4,4
school,0,4,4
scars,0,4,4
san,0,4,4
lights,0,4,4
hello,0,4,4
francisco,0,4,4
football,0,4,4
enter,0,4,4
couch,0,4,4
book,0,4,4
bind,0,4,4
arent,0,4,4
actually,0,4,4
white,0,3,3
west,0,3,3
tv,0,3,3
stiff,0,3,3
spirit,0,3,3
spells,0,3,3
south,0,3,3
somebody,0,3,3
serpent,0,3,3
relax,0,3,3
ready,0,3,3
ray,0,3,3
nature,0,3,3
natural,0,3,3
looks,0,3,3
jesus,0,3,3
jealous,0,3,3
heads,0,3,3
happening,0,3,3
hang,0,3,3
guy,0,3,3
glamour,0,3,3
funny,0,3,3
exist,0,3,3
east,0,3,3
downs,0,3,3
cry,0,3,3
corners,0,3,3
completely,0,3,3
blonde,0,3,3
bill,0,3,3
bigger,0,3,3
balance,0,3,3
apartment,0,3,3
worked,0,2,2
witches,0,2,2
win,0,2,2
whyd,0,2,2
weirdos,0,2,2
ways,0,2,2
warm,0,2,2
wanna,0,2,2
walk,0,2,2
unto,0,2,2
uniform,0,2,2
undo,0,2,2
underneath,0,2,2
twenty,0,2,2
truth,0,2,2
tried,0,2,2
throwing,0,2,2
takes,0,2,2
surprise,0,2,2
sucks,0,2,2
steal,0,2,2
slut,0,2,2
slit,0,2,2
size,0,2,2
shall,0,2,2
scary,0,2,2
salon,0,2,2
rush,0,2,2
roof,0,2,2
rochelles,0,2,2
results,0,2,2
relaxed,0,2,2
reach,0,2,2
procedure,0,2,2
powerful,0,2,2
policy,0,2,2
plane,0,2,2
peace,0,2,2
noninvasive,0,2,2
needle,0,2,2
nah,0,2,2
mine,0,2,2
learn,0,2,2
laid,0,2,2
juke,0,2,2
jerk,0,2,2
jenny,0,2,2
impressed,0,2,2
hundred,0,2,2
howd,0,2,2
hot,0,2,2
hooker,0,2,2
havent,0,2,2
green,0,2,2
form,0,2,2
fly,0,2,2
fingers,0,2,2
fear,0,2,2
far,0,2,2
experience,0,2,2
especially,0,2,2
dreams,0,2,2
discount,0,2,2
definitely,0,2,2
deal,0,2,2
concentrate,0,2,2
busy,0,2,2
box,0,2,2
blessed,0,2,2
bleeding,0,2,2
blade,0,2,2
accident,0,2,2
writing,0,1,1
wrists,0,1,1
wreckage,0,1,1
wrap,0,1,1
wow,0,1,1
worship,0,1,1
wonderful,0,1,1
wonder,0,1,1
wise,0,1,1
wind,0,1,1
wick,0,1,1
whores,0,1,1
whore,0,1,1
wholeness,0,1,1
whoa,0,1,1
whered,0,1,1
whatd,0,1,1
wear,0,1,1
watching,0,1,1
warranties,0,1,1
warming,0,1,1
waah,0,1,1
view,0,1,1
veins,0,1,1
upright,0,1,1
unofficially,0,1,1
unleash,0,1,1
undoing,0,1,1
turns,0,1,1
trip,0,1,1
treys,0,1,1
tremendous,0,1,1
trees,0,1,1
treating,0,1,1
treat,0,1,1
travel,0,1,1
trash,0,1,1
trail,0,1,1
tragedy,0,1,1
towels,0,1,1
totally,0,1,1
todays,0,1,1
tits,0,1,1
tiny,0,1,1
throat,0,1,1
threefold,0,1,1
thoughts,0,1,1
therapy,0,1,1
theological,0,1,1
tempting,0,1,1
temple,0,1,1
teach,0,1,1
taxis,0,1,1
suspect,0,1,1
survivors,0,1,1
survival,0,1,1
surround,0,1,1
surrender,0,1,1
superb,0,1,1
sun,0,1,1
summon,0,1,1
suits,0,1,1
suffering,0,1,1
suffer,0,1,1
subtle,0,1,1
strong,0,1,1
strange,0,1,1
stir,0,1,1
sting,0,1,1
stepford,0,1,1
steals,0,1,1
stare,0,1,1
standard,0,1,1
stairs,0,1,1
stadium,0,1,1
square,0,1,1
spreads,0,1,1
sprained,0,1,1
split,0,1,1
spiritual,0,1,1
spending,0,1,1
spanish,0,1,1
space,0,1,1
sounded,0,1,1
sort,0,1,1
song,0,1,1
somewhat,0,1,1
somethin,0,1,1
social,0,1,1
snakes,0,1,1
snail,0,1,1
smaller,0,1,1
slick,0,1,1
sleeping,0,1,1
simpler,0,1,1
side,0,1,1
shy,0,1,1
shrunken,0,1,1
shouldve,0,1,1
shopping,0,1,1
shone,0,1,1
shitty,0,1,1
shear,0,1,1
sharp,0,1,1
shark,0,1,1
shape,0,1,1
shampoo,0,1,1
severe,0,1,1
seventy,0,1,1
seriously,0,1,1
sell,0,1,1
seat,0,1,1
sea,0,1,1
screwing,0,1,1
screwed,0,1,1
scattered,0,1,1
saunders,0,1,1
satan,0,1,1
sarahs,0,1,1
sack,0,1,1
rushed,0,1,1
running,0,1,1
ruler,0,1,1
rude,0,1,1
rocks,0,1,1
rock,0,1,1
risk,0,1,1
ring,0,1,1
retrieved,0,1,1
restaurant,0,1,1
rest,0,1,1
responsible,0,1,1
respect,0,1,1
relieved,0,1,1
relatively,0,1,1
regarding,0,1,1
records,0,1,1
rearview,0,1,1
reading,0,1,1
rain,0,1,1
rag,0,1,1
racist,0,1,1
questions,0,1,1
puppy,0,1,1
punk,0,1,1
pulled,0,1,1
pubic,0,1,1
provisions,0,1,1
processing,0,1,1
probably,0,1,1
principal,0,1,1
practical,0,1,1
possible,0,1,1
poor,0,1,1
police,0,1,1
played,0,1,1
planet,0,1,1
plan,0,1,1
pipe,0,1,1
pig,0,1,1
pieces,0,1,1
pick,0,1,1
personally,0,1,1
personal,0,1,1
pension,0,1,1
penetrates,0,1,1
peg,0,1,1
pedicure,0,1,1
passes,0,1,1
pass,0,1,1
palms,0,1,1
oxygen,0,1,1
ooh,0,1,1
onlooker,0,1,1
oldest,0,1,1
older,0,1,1
officials,0,1,1
obsession,0,1,1
noticing,0,1,1
noticed,0,1,1
nobodys,0,1,1
nightmare,0,1,1
news,0,1,1
neighbors,0,1,1
neighborhood,0,1,1
negroids,0,1,1
needs,0,1,1
nasty,0,1,1
narcissistic,0,1,1
nappy,0,1,1
nancys,0,1,1
nailed,0,1,1
moves,0,1,1
mothers,0,1,1
mood,0,1,1
monster,0,1,1
mister,0,1,1
missing,0,1,1
mirror,0,1,1
mile,0,1,1
mexican,0,1,1
meeting,0,1,1
mays,0,1,1
mass,0,1,1
mark,0,1,1
manners,0,1,1
mammoth,0,1,1
major,0,1,1
magical,0,1,1
luck,0,1,1
low,0,1,1
loving,0,1,1
lousiest,0,1,1
los,0,1,1
loni,0,1,1
lizzies,0,1,1
lizzie,0,1,1
listening,0,1,1
lirio,0,1,1
liked,0,1,1
lid,0,1,1
letting,0,1,1
lend,0,1,1
learning,0,1,1
lazy,0,1,1
lays,0,1,1
lay,0,1,1
lab,0,1,1
known,0,1,1
knife,0,1,1
judge,0,1,1
jock,0,1,1
jennyll,0,1,1
jacket,0,1,1
itll,0,1,1
invoking,0,1,1
investigationi,0,1,1
invention,0,1,1
intuition,0,1,1
interrupt,0,1,1
interesting,0,1,1
intensely,0,1,1
instructions,0,1,1
index,0,1,1
incredibly,0,1,1
imagine,0,1,1
illusion,0,1,1
humiliating,0,1,1
howre,0,1,1
honestly,0,1,1
homeroom,0,1,1
hole,0,1,1
hmm,0,1,1
higher,0,1,1
high,0,1,1
hiding,0,1,1
helped,0,1,1
hat,0,1,1
hallucinate,0,1,1
half,0,1,1
hairy,0,1,1
hairs,0,1,1
guardian,0,1,1
group,0,1,1
ground,0,1,1
gross,0,1,1
groove,0,1,1
gotcha,0,1,1
global,0,1,1
glad,0,1,1
gives,0,1,1
given,0,1,1
girlfriends,0,1,1
girlfriend,0,1,1
gifts,0,1,1
gift,0,1,1
genius,0,1,1
genesis,0,1,1
gene,0,1,1
gathering,0,1,1
game,0,1,1
full,0,1,1
frighten,0,1,1
friendship,0,1,1
french,0,1,1
freaking,0,1,1
forms,0,1,1
fool,0,1,1
food,0,1,1
focus,0,1,1
flowing,0,1,1
floors,0,1,1
floodgate,0,1,1
flooded,0,1,1
flight,0,1,1
flew,0,1,1
fills,0,1,1
fill,0,1,1
fifth,0,1,1
field,0,1,1
feet,0,1,1
fathers,0,1,1
faiths,0,1,1
faa,0,1,1
explains,0,1,1
experimental,0,1,1
experienced,0,1,1
expect,0,1,1
exactly,0,1,1
ends,0,1,1
effects,0,1,1
eastwick,0,1,1
drier,0,1,1
draper,0,1,1
dollars,0,1,1
doin,0,1,1
ditching,0,1,1
disgusting,0,1,1
disease,0,1,1
disagreed,0,1,1
difficult,0,1,1
died,0,1,1
dicks,0,1,1
dick,0,1,1
diary,0,1,1
details,0,1,1
deserved,0,1,1
deserve,0,1,1
defenses,0,1,1
defeat,0,1,1
deaf,0,1,1
daytime,0,1,1
date,0,1,1
dark,0,1,1
dangerous,0,1,1
damask,0,1,1
dads,0,1,1
curtains,0,1,1
curtain,0,1,1
crashed,0,1,1
crash,0,1,1
craf,0,1,1
coward,0,1,1
coven,0,1,1
correctly,0,1,1
control,0,1,1
contacts,0,1,1
connection,0,1,1
confirms,0,1,1
concentrating,0,1,1
company,0,1,1
commitment,0,1,1
coffee,0,1,1
clean,0,1,1
class,0,1,1
city,0,1,1
chunk,0,1,1
christ,0,1,1
chip,0,1,1
chant,0,1,1
challenge,0,1,1
cast,0,1,1
cash,0,1,1
carry,0,1,1
careful,0,1,1
candles,0,1,1
calls,0,1,1
buy,0,1,1
burst,0,1,1
burp,0,1,1
burn,0,1,1
built,0,1,1
bugs,0,1,1
bug,0,1,1
brush,0,1,1
brown,0,1,1
bro,0,1,1
bring,0,1,1
brilliant,0,1,1
brief,0,1,1
breathing,0,1,1
breath,0,1,1
bravo,0,1,1
bothers,0,1,1
bonnies,0,1,1
bonjour,0,1,1
bleached,0,1,1
bleach,0,1,1
blackbox,0,1,1
bitter,0,1,1
bitten,0,1,1
bitches,0,1,1
biology,0,1,1
binding,0,1,1
betrayed,0,1,1
bernard,0,1,1
benefits,0,1,1
belong,0,1,1
begging,0,1,1
bedroom,0,1,1
beaucoup,0,1,1
basic,0,1,1
bailey,0,1,1
backs,0,1,1
available,0,1,1
authorities,0,1,1
attitude,0,1,1
attention,0,1,1
asshole,0,1,1
assembly,0,1,1
arrival,0,1,1
armature,0,1,1
arm,0,1,1
area,0,1,1
anyways,0,1,1
answer,0,1,1
animals,0,1,1
angeles,0,1,1
ancient,0,1,1
almanac,0,1,1
allover,0,1,1
alert,0,1,1
aid,0,1,1
ahead,0,1,1
ages,0,1,1
abused,0,1,1
ability,0,1,1