word,The Craft,Book of Shadows Blair Witch Project 2,total
dont,63,50,113
know,57,51,108
im,56,49,105
do,55,50,105
yeah,42,59,101
just,44,54,98
like,36,39,75
youre,31,31,62
want,34,26,60
go,44,15,59
think,30,26,56
get,22,34,56
come,30,26,56
witch,8,45,53
thats,26,26,52
did,22,28,50
oh,31,18,49
see,17,30,47
look,27,20,47
right,23,21,44
back,17,26,43
really,26,16,42
little,14,28,42
going,22,19,41
shes,20,19,39
got,8,30,38
gonna,15,22,37
whats,24,10,34
stop,23,11,34
guys,18,15,33
didnt,19,14,33
sorry,25,7,32
shit,13,19,32
good,23,9,32
need,14,16,30
god,20,10,30
please,20,8,28
take,9,18,27
wait,16,10,26
theyre,11,15,26
ill,16,10,26
cant,18,6,24
say,5,16,21
mean,16,5,21
hes,17,4,21
hell,4,17,21
way,11,9,20
maybe,15,5,20
make,10,10,20
tell,9,10,19
people,8,11,19
lets,9,10,19
invoke,10,9,19
happened,7,12,19
found,2,17,19
understand,8,10,18
doing,8,10,18
thought,9,8,17
theres,4,13,17
sure,7,10,17
let,8,9,17
home,9,8,17
time,5,11,16
thing,7,9,16
man,6,10,16
earth,6,10,16
big,6,10,16
baby,2,14,16
weve,2,13,15
water,4,11,15
put,6,9,15
head,12,3,15
fuck,1,14,15
feel,8,7,15
believe,6,9,15
am,4,11,15
talking,7,7,14
rock,1,13,14
real,5,8,13
power,12,1,13
night,3,10,13
girl,6,7,13
fire,4,9,13
black,3,10,13
wrong,5,7,12
two,1,11,12
trying,6,6,12
three,8,4,12
saying,8,4,12
kill,6,6,12
keep,5,7,12
ive,5,7,12
hear,8,4,12
doesnt,6,6,12
talk,4,7,11
stuff,4,7,11
scared,4,7,11
place,4,7,11
nice,9,2,11
magic,8,3,11
looking,7,4,11
jesus,3,8,11
harm,10,1,11
great,5,6,11
goddamn,2,9,11
give,6,5,11
girls,9,2,11
does,4,7,11
call,6,5,11
bitch,5,6,11
away,8,3,11
youve,1,9,10
yes,8,2,10
watch,6,4,10
times,7,3,10
things,6,4,10
light,9,1,10
life,6,4,10
killed,6,4,10
hurt,2,8,10
help,5,5,10
crazy,3,7,10
arent,4,6,10
weird,6,3,9
wanted,4,5,9
try,4,5,9
stay,6,3,9
somebody,3,6,9
second,5,4,9
said,6,3,9
open,2,7,9
made,5,4,9
listen,6,3,9
leave,5,4,9
inside,5,4,9
house,3,6,9
honey,8,1,9
heard,2,7,9
happen,5,4,9
friends,4,5,9
bad,6,3,9
wanna,2,6,8
touch,5,3,8
told,5,3,8
thank,3,5,8
supposed,4,4,8
sleep,2,6,8
pretty,5,3,8
pay,7,1,8
pathetic,6,2,8
hold,6,2,8
hit,6,2,8
hey,1,7,8
gone,3,5,8
find,3,5,8
coming,4,4,8
came,3,5,8
better,6,2,8
bed,2,6,8
turn,2,5,7
shut,5,2,7
paranoid,5,2,7
nature,3,4,7
mind,4,3,7
makes,4,3,7
looks,3,4,7
having,3,4,7
hate,6,1,7
funny,3,4,7
five,4,3,7
everybody,3,4,7
end,4,3,7
days,2,5,7
dad,6,1,7
book,4,3,7
ass,4,3,7
work,3,3,6
woman,1,5,6
walk,2,4,6
truth,2,4,6
today,3,3,6
spell,5,1,6
run,4,2,6
remember,3,3,6
outside,2,4,6
money,5,1,6
lot,2,4,6
hand,2,4,6
fear,2,4,6
fall,2,4,6
face,1,5,6
eyes,4,2,6
door,1,5,6
dead,5,1,6
cool,1,5,6
comes,3,3,6
christ,1,5,6
cause,5,1,6
car,3,3,6
air,5,1,6
afraid,3,3,6
actually,4,2,6
accident,2,4,6
youll,2,3,5
world,1,4,5
whos,4,1,5
weak,4,1,5
watching,1,4,5
used,2,3,5
tv,3,2,5
true,3,2,5
started,2,3,5
soon,1,4,5
sit,4,1,5
shape,1,4,5
seen,2,3,5
saw,2,3,5
room,3,2,5
rest,1,4,5
ready,3,2,5
police,1,4,5
phone,2,3,5
perfect,4,1,5
peace,2,3,5
mom,4,1,5
kind,2,3,5
isnt,2,3,5
havent,2,3,5
happening,3,2,5
group,1,4,5
drink,4,1,5
dreams,2,3,5
devil,3,2,5
course,3,2,5
coffee,1,4,5
care,1,4,5
boy,1,4,5
body,3,2,5
wouldnt,1,3,4
witches,2,2,4
whoa,1,3,4
white,3,1,4
thanks,2,2,4
sweet,2,2,4
surprise,2,2,4
story,1,3,4
spells,3,1,4
show,3,1,4
set,1,3,4
sell,1,3,4
rocks,1,3,4
reason,3,1,4
new,3,1,4
middle,2,2,4
loved,2,2,4
later,2,2,4
kids,1,3,4
joke,2,2,4
hot,2,2,4
heavy,3,1,4
heads,3,1,4
hang,3,1,4
guy,3,1,4
guess,3,1,4
ground,1,3,4
girlfriend,1,3,4
gave,3,1,4
full,1,3,4
feeling,2,2,4
exist,3,1,4
dream,2,2,4
deep,3,1,4
day,3,1,4
daughter,1,3,4
damn,1,3,4
cry,3,1,4
control,1,3,4
check,1,3,4
calm,2,2,4
called,3,1,4
butt,3,1,4
bigger,3,1,4
anyway,2,2,4
aint,2,2,4
wasnt,1,2,3
warm,2,1,3
voice,1,2,3
undo,2,1,3
underneath,2,1,3
trust,2,1,3
threefold,1,2,3
theyd,1,2,3
telling,1,2,3
straight,2,1,3
steal,2,1,3
special,2,1,3
seeing,1,2,3
scary,2,1,3
reach,2,1,3
punk,1,2,3
powerful,2,1,3
play,2,1,3
plane,2,1,3
old,2,1,3
news,1,2,3
morning,1,2,3
minute,2,1,3
mine,2,1,3
leaving,1,2,3
learn,2,1,3
laid,2,1,3
idea,1,2,3
id,2,1,3
huh,2,1,3
howd,2,1,3
hole,1,2,3
hard,2,1,3
half,1,2,3
goes,2,1,3
form,2,1,3
father,2,1,3
far,2,1,3
excuse,1,2,3
eat,1,2,3
definitely,2,1,3
buy,1,2,3
built,1,2,3
box,2,1,3
blessed,2,1,3
bet,1,2,3
bedroom,1,2,3
asshole,1,2,3
anybody,1,2,3
ancient,1,2,3
ago,1,2,3
worship,1,1,2
wont,1,1,2
women,1,1,2
wish,1,1,2
wise,1,1,2
window,1,1,2
wind,1,1,2
whered,1,1,2
turned,1,1,2
trees,1,1,2
totally,1,1,2
tiny,1,1,2
throat,1,1,2
tells,1,1,2
teach,1,1,2
summon,1,1,2
stupid,1,1,2
strange,1,1,2
stairs,1,1,2
speak,1,1,2
sleeping,1,1,2
shell,1,1,2
send,1,1,2
safe,1,1,2
running,1,1,2
risk,1,1,2
ring,1,1,2
records,1,1,2
pray,1,1,2
personally,1,1,2
pension,1,1,2
pass,1,1,2
palms,1,1,2
ones,1,1,2
officials,1,1,2
nobodys,1,1,2
nightmare,1,1,2
needs,1,1,2
mrs,1,1,2
mood,1,1,2
missing,1,1,2
message,1,1,2
meeting,1,1,2
major,1,1,2
mad,1,1,2
long,1,1,2
live,1,1,2
listening,1,1,2
letting,1,1,2
leaves,1,1,2
lady,1,1,2
known,1,1,2
kitchen,1,1,2
itll,1,1,2
higher,1,1,2
happy,1,1,2
gross,1,1,2
gene,1,1,2
four,1,1,2
exactly,1,1,2
dick,1,1,2
dark,1,1,2
cute,1,1,2
clear,1,1,2
child,1,1,2
cast,1,1,2
candles,1,1,2
brush,1,1,2
bitches,1,1,2
belong,1,1,2
begging,1,1,2
assholes,1,1,2
arm,1,1,2
answer,1,1,2
ahead,1,1,2
sarah,29,0,29
okay,21,0,21
nancy,21,0,21
chris,17,0,17
love,11,0,11
powers,10,0,10
manon,10,0,10
thee,9,0,9
hi,9,0,9
watchtowers,8,0,8
laura,8,0,8
hail,8,0,8
guardians,8,0,8
fine,8,0,8
working,7,0,7
bonnie,7,0,7
north,6,0,6
fourth,6,0,6
circle,6,0,6
beautiful,6,0,6
rochelle,5,0,5
read,5,0,5
mother,5,0,5
matter,5,0,5
hair,5,0,5
gotta,5,0,5
francis,5,0,5
finger,5,0,5
connie,5,0,5
tricky,4,0,4
thinking,4,0,4
sisters,4,0,4
school,4,0,4
scars,4,0,4
says,4,0,4
san,4,0,4
red,4,0,4
practice,4,0,4
move,4,0,4
lights,4,0,4
hello,4,0,4
getting,4,0,4
francisco,4,0,4
forget,4,0,4
football,4,0,4
feather,4,0,4
enter,4,0,4
couch,4,0,4
bye,4,0,4
board,4,0,4
bind,4,0,4
ask,4,0,4
west,3,0,3
use,3,0,3
surprised,3,0,3
stiff,3,0,3
spirit,3,0,3
south,3,0,3
serpent,3,0,3
relax,3,0,3
ray,3,0,3
natural,3,0,3
late,3,0,3
jealous,3,0,3
hows,3,0,3
heart,3,0,3
glamour,3,0,3
flying,3,0,3
east,3,0,3
downs,3,0,3
dear,3,0,3
corners,3,0,3
completely,3,0,3
close,3,0,3
blonde,3,0,3
bill,3,0,3
balance,3,0,3
apartment,3,0,3
youd,2,0,2
worked,2,0,2
win,2,0,2
whyd,2,0,2
weirdos,2,0,2
ways,2,0,2
waiting,2,0,2
usually,2,0,2
unto,2,0,2
uniform,2,0,2
twenty,2,0,2
tried,2,0,2
tonight,2,0,2
tomorrow,2,0,2
throwing,2,0,2
takes,2,0,2
sucks,2,0,2
storm,2,0,2
slut,2,0,2
slit,2,0,2
size,2,0,2
shall,2,0,2
salon,2,0,2
rush,2,0,2
rub,2,0,2
roof,2,0,2
rochelles,2,0,2
results,2,0,2
relaxed,2,0,2
ran,2,0,2
procedure,2,0,2
policy,2,0,2
party,2,0,2
noninvasive,2,0,2
needle,2,0,2
nah,2,0,2
mr,2,0,2
keeps,2,0,2
juke,2,0,2
jerk,2,0,2
jenny,2,0,2
impressed,2,0,2
hundred,2,0,2
hour,2,0,2
hooker,2,0,2
holy,2,0,2
hanging,2,0,2
green,2,0,2
glory,2,0,2
fly,2,0,2
fingers,2,0,2
experience,2,0,2
especially,2,0,2
discount,2,0,2
dinner,2,0,2
deal,2,0,2
darling,2,0,2
couldnt,2,0,2
concentrate,2,0,2
busy,2,0,2
bleeding,2,0,2
blade,2,0,2
apologize,2,0,2
amazing,2,0,2
writing,1,0,1
write,1,0,1
wrists,1,0,1
wreckage,1,0,1
wrap,1,0,1
wow,1,0,1
worst,1,0,1
wondering,1,0,1
wonderful,1,0,1
wonder,1,0,1
wick,1,0,1
whores,1,0,1
whore,1,0,1
wholeness,1,0,1
whatd,1,0,1
week,1,0,1
wear,1,0,1
warranties,1,0,1
warming,1,0,1
waah,1,0,1
view,1,0,1
veins,1,0,1
upstairs,1,0,1
upright,1,0,1
unofficially,1,0,1
unleash,1,0,1
undoing,1,0,1
uh,1,0,1
turns,1,0,1
trip,1,0,1
treys,1,0,1
tremendous,1,0,1
treating,1,0,1
treat,1,0,1
travel,1,0,1
trash,1,0,1
trail,1,0,1
tragedy,1,0,1
towels,1,0,1
todays,1,0,1
tits,1,0,1
thy,1,0,1
thoughts,1,0,1
therapy,1,0,1
theological,1,0,1
tempting,1,0,1
temple,1,0,1
taxis,1,0,1
taking,1,0,1
suspect,1,0,1
survivors,1,0,1
survival,1,0,1
surround,1,0,1
surrender,1,0,1
superb,1,0,1
sun,1,0,1
suits,1,0,1
suffering,1,0,1
suffer,1,0,1
subtle,1,0,1
strong,1,0,1
stir,1,0,1
sting,1,0,1
stepford,1,0,1
steals,1,0,1
starts,1,0,1
start,1,0,1
stare,1,0,1
standard,1,0,1
stadium,1,0,1
st,1,0,1
square,1,0,1
spreads,1,0,1
sprained,1,0,1
split,1,0,1
spiritual,1,0,1
spent,1,0,1
spending,1,0,1
spanish,1,0,1
space,1,0,1
sounded,1,0,1
sort,1,0,1
song,1,0,1
somewhat,1,0,1
somethin,1,0,1
social,1,0,1
snakes,1,0,1
snake,1,0,1
snail,1,0,1
smaller,1,0,1
slick,1,0,1
sister,1,0,1
simpler,1,0,1
side,1,0,1
shy,1,0,1
shrunken,1,0,1
shouldve,1,0,1
shopping,1,0,1
shone,1,0,1
shitty,1,0,1
shear,1,0,1
sharp,1,0,1
shark,1,0,1
shampoo,1,0,1
severe,1,0,1
seventy,1,0,1
seriously,1,0,1
seat,1,0,1
sea,1,0,1
screwing,1,0,1
screwed,1,0,1
scattered,1,0,1
saved,1,0,1
save,1,0,1
saunders,1,0,1
satan,1,0,1
sarahs,1,0,1
sad,1,0,1
sack,1,0,1
rushed,1,0,1
ruler,1,0,1
rude,1,0,1
retrieved,1,0,1
restaurant,1,0,1
responsible,1,0,1
respect,1,0,1
relieved,1,0,1
relatively,1,0,1
regarding,1,0,1
rearview,1,0,1
reading,1,0,1
rain,1,0,1
rag,1,0,1
racist,1,0,1
quiet,1,0,1
questions,1,0,1
puppy,1,0,1
pulled,1,0,1
pubic,1,0,1
provisions,1,0,1
processing,1,0,1
probably,1,0,1
principal,1,0,1
price,1,0,1
prayers,1,0,1
practical,1,0,1
possible,1,0,1
position,1,0,1
poor,1,0,1
pool,1,0,1
plays,1,0,1
playing,1,0,1
played,1,0,1
planet,1,0,1
plan,1,0,1
pipe,1,0,1
pig,1,0,1
pieces,1,0,1
pick,1,0,1
personal,1,0,1
person,1,0,1
penetrates,1,0,1
peg,1,0,1
pedicure,1,0,1
passes,1,0,1
part,1,0,1
painful,1,0,1
paid,1,0,1
oxygen,1,0,1
ooh,1,0,1
onlooker,1,0,1
oldest,1,0,1
older,1,0,1
obsession,1,0,1
noticing,1,0,1
noticed,1,0,1
neighbors,1,0,1
neighborhood,1,0,1
negroids,1,0,1
nasty,1,0,1
narcissistic,1,0,1
nappy,1,0,1
nancys,1,0,1
nailed,1,0,1
moving,1,0,1
moves,1,0,1
mothers,1,0,1
moon,1,0,1
monster,1,0,1
mister,1,0,1
miss,1,0,1
mirror,1,0,1
mile,1,0,1
mexican,1,0,1
mays,1,0,1
mass,1,0,1
mark,1,0,1
manners,1,0,1
mammoth,1,0,1
magical,1,0,1
lying,1,0,1
luck,1,0,1
low,1,0,1
loving,1,0,1
lousiest,1,0,1
los,1,0,1
looked,1,0,1
loni,1,0,1
lizzies,1,0,1
lizzie,1,0,1
lirio,1,0,1
liked,1,0,1
lie,1,0,1
lid,1,0,1
lend,1,0,1
learning,1,0,1
lazy,1,0,1
lays,1,0,1
lay,1,0,1
lab,1,0,1
la,1,0,1
knows,1,0,1
knife,1,0,1
kissing,1,0,1
judge,1,0,1
jock,1,0,1
jennyll,1,0,1
jacket,1,0,1
invoking,1,0,1
investigationi,1,0,1
invention,1,0,1
invented,1,0,1
intuition,1,0,1
interrupt,1,0,1
interesting,1,0,1
intensely,1,0,1
instructions,1,0,1
index,1,0,1
incredibly,1,0,1
important,1,0,1
imagine,1,0,1
illusion,1,0,1
hurting,1,0,1
humiliating,1,0,1
howre,1,0,1
honestly,1,0,1
homeroom,1,0,1
hmm,1,0,1
high,1,0,1
hiding,1,0,1
helped,1,0,1
hat,1,0,1
hallucinate,1,0,1
hairy,1,0,1
hairs,1,0,1
guardian,1,0,1
groove,1,0,1
grace,1,0,1
gotcha,1,0,1
global,1,0,1
glad,1,0,1
gives,1,0,1
given,1,0,1
girlfriends,1,0,1
gifts,1,0,1
gift,1,0,1
genius,1,0,1
genesis,1,0,1
gathering,1,0,1
games,1,0,1
game,1,0,1
fun,1,0,1
frighten,1,0,1
friendship,1,0,1
french,1,0,1
freaking,1,0,1
forms,1,0,1
fool,1,0,1
food,1,0,1
follow,1,0,1
focus,1,0,1
flowing,1,0,1
floors,1,0,1
floodgate,1,0,1
flooded,1,0,1
flight,1,0,1
flew,1,0,1
fixed,1,0,1
fills,1,0,1
fill,1,0,1
fifth,1,0,1
field,1,0,1
felt,1,0,1
feet,1,0,1
fault,1,0,1
fathers,1,0,1
fat,1,0,1
falling,1,0,1
faiths,1,0,1
faa,1,0,1
explains,1,0,1
experimental,1,0,1
experienced,1,0,1
expect,1,0,1
eve,1,0,1
ends,1,0,1
empty,1,0,1
effects,1,0,1
eastwick,1,0,1
drier,1,0,1
draper,1,0,1
dollars,1,0,1
doin,1,0,1
ditching,1,0,1
disgusting,1,0,1
disease,1,0,1
disagreed,1,0,1
difficult,1,0,1
different,1,0,1
died,1,0,1
dicks,1,0,1
diary,1,0,1
details,1,0,1
deserved,1,0,1
deserve,1,0,1
defenses,1,0,1
defeat,1,0,1
deaf,1,0,1
de,1,0,1
daytime,1,0,1
date,1,0,1
dangerous,1,0,1
damask,1,0,1
dads,1,0,1
curtains,1,0,1
curtain,1,0,1
cruel,1,0,1
crashed,1,0,1
crash,1,0,1
craf,1,0,1
coward,1,0,1
cow,1,0,1
coven,1,0,1
correctly,1,0,1
conversation,1,0,1
contacts,1,0,1
connection,1,0,1
confirms,1,0,1
concentrating,1,0,1
company,1,0,1
commitment,1,0,1
color,1,0,1
clean,1,0,1
class,1,0,1
city,1,0,1
chunk,1,0,1
chip,1,0,1
chant,1,0,1
chance,1,0,1
challenge,1,0,1
cash,1,0,1
carry,1,0,1
careful,1,0,1
calls,1,0,1
burst,1,0,1
burp,1,0,1
burn,1,0,1
bugs,1,0,1
bug,1,0,1
brown,1,0,1
bro,1,0,1
bring,1,0,1
brilliant,1,0,1
brief,1,0,1
breathing,1,0,1
breath,1,0,1
bravo,1,0,1
bothers,1,0,1
bonnies,1,0,1
bonjour,1,0,1
blind,1,0,1
bleached,1,0,1
bleach,1,0,1
blackbox,1,0,1
bitter,1,0,1
bitten,1,0,1
biology,1,0,1
binding,1,0,1
betrayed,1,0,1
bernard,1,0,1
benefits,1,0,1
beauty,1,0,1
beaucoup,1,0,1
bathroom,1,0,1
basic,1,0,1
bailey,1,0,1
bag,1,0,1
backs,1,0,1
available,1,0,1
authorities,1,0,1
attitude,1,0,1
attention,1,0,1
assembly,1,0,1
arrival,1,0,1
armature,1,0,1
area,1,0,1
anyways,1,0,1
anymore,1,0,1
animals,1,0,1
angeles,1,0,1
anderson,1,0,1
almanac,1,0,1
allow,1,0,1
allover,1,0,1
alert,1,0,1
aid,1,0,1
ages,1,0,1
act,1,0,1
accidents,1,0,1
abused,1,0,1
ability,1,0,1
sarah,0,29,29
okay,0,21,21
nancy,0,21,21
chris,0,17,17
love,0,11,11
powers,0,10,10
manon,0,10,10
thee,0,9,9
hi,0,9,9
watchtowers,0,8,8
laura,0,8,8
hail,0,8,8
guardians,0,8,8
fine,0,8,8
working,0,7,7
bonnie,0,7,7
north,0,6,6
fourth,0,6,6
circle,0,6,6
beautiful,0,6,6
rochelle,0,5,5
read,0,5,5
mother,0,5,5
matter,0,5,5
hair,0,5,5
gotta,0,5,5
francis,0,5,5
finger,0,5,5
connie,0,5,5
tricky,0,4,4
thinking,0,4,4
sisters,0,4,4
school,0,4,4
scars,0,4,4
says,0,4,4
san,0,4,4
red,0,4,4
practice,0,4,4
move,0,4,4
lights,0,4,4
hello,0,4,4
getting,0,4,4
francisco,0,4,4
forget,0,4,4
football,0,4,4
feather,0,4,4
enter,0,4,4
couch,0,4,4
bye,0,4,4
board,0,4,4
bind,0,4,4
ask,0,4,4
west,0,3,3
use,0,3,3
surprised,0,3,3
stiff,0,3,3
spirit,0,3,3
south,0,3,3
serpent,0,3,3
relax,0,3,3
ray,0,3,3
natural,0,3,3
late,0,3,3
jealous,0,3,3
hows,0,3,3
heart,0,3,3
glamour,0,3,3
flying,0,3,3
east,0,3,3
downs,0,3,3
dear,0,3,3
corners,0,3,3
completely,0,3,3
close,0,3,3
blonde,0,3,3
bill,0,3,3
balance,0,3,3
apartment,0,3,3
youd,0,2,2
worked,0,2,2
win,0,2,2
whyd,0,2,2
weirdos,0,2,2
ways,0,2,2
waiting,0,2,2
usually,0,2,2
unto,0,2,2
uniform,0,2,2
twenty,0,2,2
tried,0,2,2
tonight,0,2,2
tomorrow,0,2,2
throwing,0,2,2
takes,0,2,2
sucks,0,2,2
storm,0,2,2
slut,0,2,2
slit,0,2,2
size,0,2,2
shall,0,2,2
salon,0,2,2
rush,0,2,2
rub,0,2,2
roof,0,2,2
rochelles,0,2,2
results,0,2,2
relaxed,0,2,2
ran,0,2,2
procedure,0,2,2
policy,0,2,2
party,0,2,2
noninvasive,0,2,2
needle,0,2,2
nah,0,2,2
mr,0,2,2
keeps,0,2,2
juke,0,2,2
jerk,0,2,2
jenny,0,2,2
impressed,0,2,2
hundred,0,2,2
hour,0,2,2
hooker,0,2,2
holy,0,2,2
hanging,0,2,2
green,0,2,2
glory,0,2,2
fly,0,2,2
fingers,0,2,2
experience,0,2,2
especially,0,2,2
discount,0,2,2
dinner,0,2,2
deal,0,2,2
darling,0,2,2
couldnt,0,2,2
concentrate,0,2,2
busy,0,2,2
bleeding,0,2,2
blade,0,2,2
apologize,0,2,2
amazing,0,2,2
writing,0,1,1
write,0,1,1
wrists,0,1,1
wreckage,0,1,1
wrap,0,1,1
wow,0,1,1
worst,0,1,1
wondering,0,1,1
wonderful,0,1,1
wonder,0,1,1
wick,0,1,1
whores,0,1,1
whore,0,1,1
wholeness,0,1,1
whatd,0,1,1
week,0,1,1
wear,0,1,1
warranties,0,1,1
warming,0,1,1
waah,0,1,1
view,0,1,1
veins,0,1,1
upstairs,0,1,1
upright,0,1,1
unofficially,0,1,1
unleash,0,1,1
undoing,0,1,1
uh,0,1,1
turns,0,1,1
trip,0,1,1
treys,0,1,1
tremendous,0,1,1
treating,0,1,1
treat,0,1,1
travel,0,1,1
trash,0,1,1
trail,0,1,1
tragedy,0,1,1
towels,0,1,1
todays,0,1,1
tits,0,1,1
thy,0,1,1
thoughts,0,1,1
therapy,0,1,1
theological,0,1,1
tempting,0,1,1
temple,0,1,1
taxis,0,1,1
taking,0,1,1
suspect,0,1,1
survivors,0,1,1
survival,0,1,1
surround,0,1,1
surrender,0,1,1
superb,0,1,1
sun,0,1,1
suits,0,1,1
suffering,0,1,1
suffer,0,1,1
subtle,0,1,1
strong,0,1,1
stir,0,1,1
sting,0,1,1
stepford,0,1,1
steals,0,1,1
starts,0,1,1
start,0,1,1
stare,0,1,1
standard,0,1,1
stadium,0,1,1
st,0,1,1
square,0,1,1
spreads,0,1,1
sprained,0,1,1
split,0,1,1
spiritual,0,1,1
spent,0,1,1
spending,0,1,1
spanish,0,1,1
space,0,1,1
sounded,0,1,1
sort,0,1,1
song,0,1,1
somewhat,0,1,1
somethin,0,1,1
social,0,1,1
snakes,0,1,1
snake,0,1,1
snail,0,1,1
smaller,0,1,1
slick,0,1,1
sister,0,1,1
simpler,0,1,1
side,0,1,1
shy,0,1,1
shrunken,0,1,1
shouldve,0,1,1
shopping,0,1,1
shone,0,1,1
shitty,0,1,1
shear,0,1,1
sharp,0,1,1
shark,0,1,1
shampoo,0,1,1
severe,0,1,1
seventy,0,1,1
seriously,0,1,1
seat,0,1,1
sea,0,1,1
screwing,0,1,1
screwed,0,1,1
scattered,0,1,1
saved,0,1,1
save,0,1,1
saunders,0,1,1
satan,0,1,1
sarahs,0,1,1
sad,0,1,1
sack,0,1,1
rushed,0,1,1
ruler,0,1,1
rude,0,1,1
retrieved,0,1,1
restaurant,0,1,1
responsible,0,1,1
respect,0,1,1
relieved,0,1,1
relatively,0,1,1
regarding,0,1,1
rearview,0,1,1
reading,0,1,1
rain,0,1,1
rag,0,1,1
racist,0,1,1
quiet,0,1,1
questions,0,1,1
puppy,0,1,1
pulled,0,1,1
pubic,0,1,1
provisions,0,1,1
processing,0,1,1
probably,0,1,1
principal,0,1,1
price,0,1,1
prayers,0,1,1
practical,0,1,1
possible,0,1,1
position,0,1,1
poor,0,1,1
pool,0,1,1
plays,0,1,1
playing,0,1,1
played,0,1,1
planet,0,1,1
plan,0,1,1
pipe,0,1,1
pig,0,1,1
pieces,0,1,1
pick,0,1,1
personal,0,1,1
person,0,1,1
penetrates,0,1,1
peg,0,1,1
pedicure,0,1,1
passes,0,1,1
part,0,1,1
painful,0,1,1
paid,0,1,1
oxygen,0,1,1
ooh,0,1,1
onlooker,0,1,1
oldest,0,1,1
older,0,1,1
obsession,0,1,1
noticing,0,1,1
noticed,0,1,1
neighbors,0,1,1
neighborhood,0,1,1
negroids,0,1,1
nasty,0,1,1
narcissistic,0,1,1
nappy,0,1,1
nancys,0,1,1
nailed,0,1,1
moving,0,1,1
moves,0,1,1
mothers,0,1,1
moon,0,1,1
monster,0,1,1
mister,0,1,1
miss,0,1,1
mirror,0,1,1
mile,0,1,1
mexican,0,1,1
mays,0,1,1
mass,0,1,1
mark,0,1,1
manners,0,1,1
mammoth,0,1,1
magical,0,1,1
lying,0,1,1
luck,0,1,1
low,0,1,1
loving,0,1,1
lousiest,0,1,1
los,0,1,1
looked,0,1,1
loni,0,1,1
lizzies,0,1,1
lizzie,0,1,1
lirio,0,1,1
liked,0,1,1
lie,0,1,1
lid,0,1,1
lend,0,1,1
learning,0,1,1
lazy,0,1,1
lays,0,1,1
lay,0,1,1
lab,0,1,1
la,0,1,1
knows,0,1,1
knife,0,1,1
kissing,0,1,1
judge,0,1,1
jock,0,1,1
jennyll,0,1,1
jacket,0,1,1
invoking,0,1,1
investigationi,0,1,1
invention,0,1,1
invented,0,1,1
intuition,0,1,1
interrupt,0,1,1
interesting,0,1,1
intensely,0,1,1
instructions,0,1,1
index,0,1,1
incredibly,0,1,1
important,0,1,1
imagine,0,1,1
illusion,0,1,1
hurting,0,1,1
humiliating,0,1,1
howre,0,1,1
honestly,0,1,1
homeroom,0,1,1
hmm,0,1,1
high,0,1,1
hiding,0,1,1
helped,0,1,1
hat,0,1,1
hallucinate,0,1,1
hairy,0,1,1
hairs,0,1,1
guardian,0,1,1
groove,0,1,1
grace,0,1,1
gotcha,0,1,1
global,0,1,1
glad,0,1,1
gives,0,1,1
given,0,1,1
girlfriends,0,1,1
gifts,0,1,1
gift,0,1,1
genius,0,1,1
genesis,0,1,1
gathering,0,1,1
games,0,1,1
game,0,1,1
fun,0,1,1
frighten,0,1,1
friendship,0,1,1
french,0,1,1
freaking,0,1,1
forms,0,1,1
fool,0,1,1
food,0,1,1
follow,0,1,1
focus,0,1,1
flowing,0,1,1
floors,0,1,1
floodgate,0,1,1
flooded,0,1,1
flight,0,1,1
flew,0,1,1
fixed,0,1,1
fills,0,1,1
fill,0,1,1
fifth,0,1,1
field,0,1,1
felt,0,1,1
feet,0,1,1
fault,0,1,1
fathers,0,1,1
fat,0,1,1
falling,0,1,1
faiths,0,1,1
faa,0,1,1
explains,0,1,1
experimental,0,1,1
experienced,0,1,1
expect,0,1,1
eve,0,1,1
ends,0,1,1
empty,0,1,1
effects,0,1,1
eastwick,0,1,1
drier,0,1,1
draper,0,1,1
dollars,0,1,1
doin,0,1,1
ditching,0,1,1
disgusting,0,1,1
disease,0,1,1
disagreed,0,1,1
difficult,0,1,1
different,0,1,1
died,0,1,1
dicks,0,1,1
diary,0,1,1
details,0,1,1
deserved,0,1,1
deserve,0,1,1
defenses,0,1,1
defeat,0,1,1
deaf,0,1,1
de,0,1,1
daytime,0,1,1
date,0,1,1
dangerous,0,1,1
damask,0,1,1
dads,0,1,1
curtains,0,1,1
curtain,0,1,1
cruel,0,1,1
crashed,0,1,1
crash,0,1,1
craf,0,1,1
coward,0,1,1
cow,0,1,1
coven,0,1,1
correctly,0,1,1
conversation,0,1,1
contacts,0,1,1
connection,0,1,1
confirms,0,1,1
concentrating,0,1,1
company,0,1,1
commitment,0,1,1
color,0,1,1
clean,0,1,1
class,0,1,1
city,0,1,1
chunk,0,1,1
chip,0,1,1
chant,0,1,1
chance,0,1,1
challenge,0,1,1
cash,0,1,1
carry,0,1,1
careful,0,1,1
calls,0,1,1
burst,0,1,1
burp,0,1,1
burn,0,1,1
bugs,0,1,1
bug,0,1,1
brown,0,1,1
bro,0,1,1
bring,0,1,1
brilliant,0,1,1
brief,0,1,1
breathing,0,1,1
breath,0,1,1
bravo,0,1,1
bothers,0,1,1
bonnies,0,1,1
bonjour,0,1,1
blind,0,1,1
bleached,0,1,1
bleach,0,1,1
blackbox,0,1,1
bitter,0,1,1
bitten,0,1,1
biology,0,1,1
binding,0,1,1
betrayed,0,1,1
bernard,0,1,1
benefits,0,1,1
beauty,0,1,1
beaucoup,0,1,1
bathroom,0,1,1
basic,0,1,1
bailey,0,1,1
bag,0,1,1
backs,0,1,1
available,0,1,1
authorities,0,1,1
attitude,0,1,1
attention,0,1,1
assembly,0,1,1
arrival,0,1,1
armature,0,1,1
area,0,1,1
anyways,0,1,1
anymore,0,1,1
animals,0,1,1
angeles,0,1,1
anderson,0,1,1
almanac,0,1,1
allow,0,1,1
allover,0,1,1
alert,0,1,1
aid,0,1,1
ages,0,1,1
act,0,1,1
accidents,0,1,1
abused,0,1,1
ability,0,1,1