word,The Blair Witch Project,Twitches Too,total
im,109,63,172
know,71,84,155
okay,77,72,149
dont,68,76,144
oh,41,93,134
like,66,33,99
right,30,63,93
go,45,47,92
yeah,33,56,89
going,71,15,86
back,59,21,80
think,31,44,75
thats,35,36,71
man,64,5,69
really,27,36,63
come,33,23,56
uh,6,49,55
look,23,31,54
youre,10,42,52
sorry,15,35,50
please,33,17,50
lets,40,9,49
way,32,15,47
hes,14,32,46
gonna,15,30,45
good,17,26,43
ahead,41,1,42
want,24,15,39
see,20,18,38
cant,15,22,37
help,15,21,36
yes,11,24,35
time,10,25,35
little,14,21,35
night,24,9,33
theres,18,14,32
stop,17,15,32
didnt,14,18,32
two,13,18,31
sure,7,24,31
wait,7,21,28
ive,15,13,28
away,18,10,28
whispering,1,25,26
wanna,16,10,26
tell,12,13,25
guys,14,11,25
give,12,13,25
light,14,10,24
ill,8,16,24
car,21,3,24
um,4,18,22
thing,15,7,22
doing,7,15,22
day,17,5,22
woman,20,1,21
shes,7,14,21
need,10,11,21
gotta,14,7,21
whats,10,10,20
weve,15,5,20
laughs,13,7,20
hear,16,4,20
find,13,7,20
thought,3,16,19
screaming,1,18,19
mean,7,12,19
lost,16,3,19
looking,18,1,19
laughing,13,6,19
home,10,9,19
hmm,1,18,19
hi,2,17,19
cut,18,1,19
wasnt,7,11,18
turn,16,2,18
hey,4,14,18
getting,9,9,18
darkness,7,11,18
take,7,10,17
put,13,4,17
make,6,11,17
kind,2,15,17
inside,15,2,17
happened,12,5,17
dad,2,15,17
actually,3,14,17
voice,14,2,16
today,14,2,16
old,14,2,16
mom,6,10,16
love,3,13,16
keep,12,4,16
thank,6,9,15
scared,13,2,15
morning,9,6,15
long,9,6,15
heard,12,3,15
found,10,5,15
believe,8,7,15
alive,3,12,15
wouldnt,2,12,14
stay,6,8,14
ready,8,6,14
place,7,7,14
people,11,3,14
part,1,13,14
leave,7,7,14
later,5,9,14
knew,8,6,14
isnt,2,12,14
fine,6,8,14
doesnt,4,10,14
cool,11,3,14
walking,8,5,13
trying,4,9,13
sounds,12,1,13
sound,10,3,13
sister,1,12,13
shot,12,1,13
lot,5,8,13
looks,7,6,13
house,10,3,13
happy,9,4,13
hands,7,6,13
work,5,7,12
wanted,4,8,12
three,10,2,12
pretty,7,5,12
late,1,11,12
head,8,4,12
girl,7,5,12
cause,9,3,12
bad,2,10,12
theyre,2,9,11
sun,1,10,11
story,8,3,11
safe,1,10,11
hair,7,4,11
gave,6,5,11
face,9,2,11
exactly,8,3,11
best,2,9,11
ah,5,6,11
years,3,7,10
understand,5,5,10
try,6,4,10
thanks,1,9,10
probably,2,8,10
left,4,6,10
huh,1,9,10
hello,6,4,10
door,1,9,10
dead,4,6,10
coming,6,4,10
care,3,7,10
yesterday,6,3,9
wheres,5,4,9
went,8,1,9
walk,7,2,9
used,3,6,9
things,3,6,9
supposed,5,4,9
small,6,3,9
seriously,8,1,9
seen,3,6,9
remember,5,4,9
muffled,6,3,9
minutes,6,3,9
matter,3,6,9
important,4,5,9
hurry,1,8,9
guess,7,2,9
done,5,4,9
days,6,3,9
course,1,8,9
big,4,5,9
youve,5,3,8
youll,1,7,8
wall,2,6,8
use,2,6,8
true,2,6,8
took,3,5,8
telling,3,5,8
stuff,7,1,8
sitting,6,2,8
shoes,2,6,8
saying,5,3,8
saw,2,6,8
possible,7,1,8
panting,3,5,8
outside,7,1,8
open,5,3,8
maybe,5,3,8
kids,7,1,8
kidding,7,1,8
hell,6,2,8
havent,4,4,8
close,7,1,8
call,5,3,8
broke,2,6,8
arent,1,7,8
wrong,1,6,7
wont,1,6,7
trust,2,5,7
totally,4,3,7
told,2,5,7
tired,6,1,7
taking,3,4,7
start,2,5,7
side,4,3,7
set,5,2,7
run,3,4,7
playing,5,2,7
middle,6,1,7
life,3,4,7
id,4,3,7
hope,5,2,7
having,3,4,7
hard,5,2,7
fun,1,6,7
book,4,3,7
bit,5,2,7
asked,2,5,7
anymore,5,2,7
worry,1,5,6
watch,4,2,6
walked,3,3,6
town,4,2,6
talking,1,5,6
strange,3,3,6
sign,1,5,6
screams,2,4,6
school,1,5,6
rest,5,1,6
problem,1,5,6
pool,1,5,6
ones,4,2,6
nice,3,3,6
nervously,1,5,6
knows,4,2,6
hold,3,3,6
gasps,3,3,6
feel,5,1,6
destroyed,1,5,6
dark,4,2,6
chance,1,5,6
called,3,3,6
area,5,1,6
werent,4,1,5
weird,1,4,5
surprised,1,4,5
suppose,1,4,5
stupid,1,4,5
stopped,3,2,5
sleep,2,3,5
sighs,4,1,5
show,2,3,5
second,3,2,5
scream,3,2,5
save,2,3,5
salad,2,3,5
relax,4,1,5
reason,1,4,5
opening,3,2,5
miss,1,4,5
meet,3,2,5
means,2,3,5
making,4,1,5
listen,2,3,5
kiss,3,2,5
high,3,2,5
gone,2,3,5
full,4,1,5
free,1,4,5
finally,2,3,5
fault,4,1,5
far,4,1,5
fact,2,3,5
couple,3,2,5
cold,4,1,5
change,1,4,5
came,3,2,5
business,2,3,5
break,2,3,5
better,2,3,5
ago,2,3,5
yup,1,3,4
writing,3,1,4
wish,1,3,4
whos,2,2,4
welcome,2,2,4
walls,2,2,4
stories,1,3,4
standing,3,1,4
soon,2,2,4
sit,2,2,4
sir,3,1,4
shouldnt,2,2,4
shh,3,1,4
seven,3,1,4
searched,1,3,4
play,2,2,4
plan,2,2,4
name,2,2,4
moving,1,3,4
mister,3,1,4
makes,3,1,4
made,3,1,4
loose,3,1,4
line,1,3,4
hurt,3,1,4
hundred,3,1,4
human,2,2,4
horse,3,1,4
heavy,2,2,4
happen,1,3,4
fur,3,1,4
funny,3,1,4
favorite,1,3,4
fast,1,3,4
fall,3,1,4
ended,3,1,4
eh,1,3,4
doors,1,3,4
creepy,3,1,4
couldnt,1,3,4
clue,1,3,4
certain,1,3,4
calm,3,1,4
bring,1,3,4
breaks,3,1,4
apparently,1,3,4
amazing,1,3,4
absolutely,2,2,4
write,1,2,3
wow,2,1,3
working,1,2,3
witches,2,1,3
winter,2,1,3
white,2,1,3
using,2,1,3
twenty,2,1,3
touch,2,1,3
times,2,1,3
thinking,1,2,3
taken,1,2,3
stuck,1,2,3
street,1,2,3
starts,2,1,3
started,1,2,3
sky,2,1,3
short,2,1,3
return,1,2,3
record,2,1,3
real,2,1,3
quite,2,1,3
purpose,1,2,3
prepare,2,1,3
possibly,2,1,3
poor,1,2,3
person,1,2,3
opened,2,1,3
notice,2,1,3
moment,2,1,3
loudly,1,2,3
listening,1,2,3
lie,1,2,3
learn,2,1,3
killed,1,2,3
kill,2,1,3
joy,1,2,3
hows,1,2,3
hot,2,1,3
hate,2,1,3
harder,1,2,3
happening,1,2,3
gives,2,1,3
gets,2,1,3
freaked,1,2,3
forever,1,2,3
footsteps,2,1,3
fool,2,1,3
figure,1,2,3
fight,2,1,3
felt,2,1,3
feeling,2,1,3
easier,1,2,3
different,2,1,3
department,1,2,3
corner,1,2,3
control,1,2,3
cars,2,1,3
brought,2,1,3
boy,1,2,3
books,1,2,3
begin,2,1,3
babbling,2,1,3
angrily,1,2,3
agree,1,2,3
wouldve,1,1,2
worst,1,1,2
wed,1,1,2
watching,1,1,2
twice,1,1,2
turning,1,1,2
truth,1,1,2
trick,1,1,2
thinks,1,1,2
takes,1,1,2
struggling,1,1,2
step,1,1,2
starting,1,1,2
staring,1,1,2
stand,1,1,2
specifically,1,1,2
six,1,1,2
situation,1,1,2
seeing,1,1,2
safety,1,1,2
ruined,1,1,2
rounds,1,1,2
quit,1,1,2
pure,1,1,2
proud,1,1,2
properly,1,1,2
pretend,1,1,2
pick,1,1,2
parts,1,1,2
mustard,1,1,2
looked,1,1,2
job,1,1,2
jeans,1,1,2
horror,1,1,2
hilarious,1,1,2
heres,1,1,2
helping,1,1,2
grow,1,1,2
gotten,1,1,2
goes,1,1,2
glass,1,1,2
friend,1,1,2
forward,1,1,2
flesh,1,1,2
finished,1,1,2
essential,1,1,2
energy,1,1,2
ends,1,1,2
ending,1,1,2
eat,1,1,2
ear,1,1,2
dry,1,1,2
comes,1,1,2
coincidence,1,1,2
clearing,1,1,2
clean,1,1,2
children,1,1,2
checking,1,1,2
checked,1,1,2
caught,1,1,2
breathe,1,1,2
brave,1,1,2
body,1,1,2
blue,1,1,2
asking,1,1,2
arm,1,1,2
apart,1,1,2
anytime,1,1,2
angry,1,1,2
act,1,1,2
heather,525,0,525
mike,331,0,331
josh,274,0,274
cuts,113,0,113
fucking,95,0,95
camera,62,0,62
shit,52,0,52
map,44,0,44
fuck,39,0,39
tent,33,0,33
fisherman,23,0,23
god,22,0,22
woods,19,0,19
witch,19,0,19
begins,18,0,18
video,15,0,15
joshs,15,0,15
distance,15,0,15
blair,15,0,15
whispers,13,0,13
rock,13,0,13
point,12,0,12
ass,12,0,12
rocks,11,0,11
mm,11,0,11
log,11,0,11
jesus,11,0,11
hiking,11,0,11
compass,11,0,11
baby,11,0,11
stream,10,0,10
south,10,0,10
slate,10,0,10
mary,10,0,10
dat,10,0,10
cemetery,10,0,10
shooting,9,0,9
pack,9,0,9
camp,9,0,9
points,8,0,8
mikes,8,0,8
kinda,8,0,8
fucked,8,0,8
documentary,8,0,8
crying,8,0,8
check,8,0,8
useless,7,0,7
tree,7,0,7
trail,7,0,7
stairs,7,0,7
near,7,0,7
mumbles,7,0,7
men,7,0,7
hours,7,0,7
holding,7,0,7
crossing,7,0,7
crew,7,0,7
creek,7,0,7
christ,7,0,7
brown,7,0,7
yah,6,0,6
tomorrow,6,0,6
stick,6,0,6
steps,6,0,6
project,6,0,6
laugh,6,0,6
heathers,6,0,6
five,6,0,6
fire,6,0,6
finger,6,0,6
deer,6,0,6
coffin,6,0,6
captain,6,0,6
bound,6,0,6
wet,5,0,5
walks,5,0,5
view,5,0,5
twigs,5,0,5
turns,5,0,5
trees,5,0,5
sticks,5,0,5
sleeping,5,0,5
shots,5,0,5
river,5,0,5
rain,5,0,5
mikey,5,0,5
leaving,5,0,5
hit,5,0,5
gear,5,0,5
games,5,0,5
forth,5,0,5
film,5,0,5
feet,5,0,5
east,5,0,5
dude,5,0,5
die,5,0,5
crazy,5,0,5
bullshit,5,0,5
beer,5,0,5
bag,5,0,5
wicked,4,0,4
water,4,0,4
top,4,0,4
sobs,4,0,4
shoot,4,0,4
shhh,4,0,4
serious,4,0,4
scene,4,0,4
running,4,0,4
reading,4,0,4
quiet,4,0,4
pocket,4,0,4
piles,4,0,4
pants,4,0,4
pain,4,0,4
packed,4,0,4
mouth,4,0,4
meters,4,0,4
lights,4,0,4
knock,4,0,4
kicked,4,0,4
insisted,4,0,4
hungry,4,0,4
hike,4,0,4
haunted,4,0,4
hand,4,0,4
ground,4,0,4
gate,4,0,4
filming,4,0,4
equipment,4,0,4
end,4,0,4
damn,4,0,4
cry,4,0,4
cries,4,0,4
cracking,4,0,4
continues,4,0,4
cellar,4,0,4
burkittsville,4,0,4
bundle,4,0,4
bodies,4,0,4
asshole,4,0,4
america,4,0,4
alright,4,0,4
worth,3,0,3
whispered,3,0,3
washing,3,0,3
tries,3,0,3
throw,3,0,3
supposedly,3,0,3
store,3,0,3
stops,3,0,3
somebody,3,0,3
smart,3,0,3
slime,3,0,3
sixteen,3,0,3
silence,3,0,3
shut,3,0,3
shirt,3,0,3
shawl,3,0,3
scotch,3,0,3
scary,3,0,3
rustling,3,0,3
reality,3,0,3
putting,3,0,3
pushes,3,0,3
potatoes,3,0,3
pile,3,0,3
picks,3,0,3
packs,3,0,3
nope,3,0,3
movies,3,0,3
move,3,0,3
motivation,3,0,3
moans,3,0,3
mind,3,0,3
michael,3,0,3
mashed,3,0,3
marys,3,0,3
maryland,3,0,3
mans,3,0,3
louder,3,0,3
loosing,3,0,3
learned,3,0,3
leaf,3,0,3
holy,3,0,3
gloves,3,0,3
ghosts,3,0,3
footage,3,0,3
fear,3,0,3
eyes,3,0,3
excited,3,0,3
ditch,3,0,3
disappeared,3,0,3
diner,3,0,3
defiantly,3,0,3
confronts,3,0,3
cigarette,3,0,3
chest,3,0,3
campsite,3,0,3
cameras,3,0,3
bought,3,0,3
bottle,3,0,3
boots,3,0,3
bitch,3,0,3
babies,3,0,3
anybody,3,0,3
american,3,0,3
aint,3,0,3
zooms,2,0,2
young,2,0,2
yo,2,0,2
yelling,2,0,2
yell,2,0,2
witchcraft,2,0,2
whisper,2,0,2
whatd,2,0,2
west,2,0,2
wandered,2,0,2
various,2,0,2
unintelligible,2,0,2
uncool,2,0,2
tonight,2,0,2
throws,2,0,2
thick,2,0,2
taping,2,0,2
table,2,0,2
swear,2,0,2
sudden,2,0,2
streams,2,0,2
straight,2,0,2
statement,2,0,2
souvenir,2,0,2
sounding,2,0,2
sounded,2,0,2
sorts,2,0,2
smokes,2,0,2
sings,2,0,2
sing,2,0,2
shows,2,0,2
shivers,2,0,2
shits,2,0,2
shifts,2,0,2
sets,2,0,2
seconds,2,0,2
screwed,2,0,2
scouted,2,0,2
schedule,2,0,2
runs,2,0,2
row,2,0,2
room,2,0,2
rocking,2,0,2
road,2,0,2
rising,2,0,2
ripkin,2,0,2
rice,2,0,2
remain,2,0,2
redneck,2,0,2
rear,2,0,2
realize,2,0,2
reaching,2,0,2
ran,2,0,2
raisin,2,0,2
quickly,2,0,2
punch,2,0,2
pumpkin,2,0,2
prints,2,0,2
powerbar,2,0,2
positive,2,0,2
porch,2,0,2
piece,2,0,2
pie,2,0,2
period,2,0,2
parr,2,0,2
packing,2,0,2
ohhh,2,0,2
obvious,2,0,2
noises,2,0,2
nights,2,0,2
naive,2,0,2
myth,2,0,2
mouse,2,0,2
mountain,2,0,2
motions,2,0,2
motel,2,0,2
moms,2,0,2
mirror,2,0,2
messing,2,0,2
meatball,2,0,2
lying,2,0,2
losing,2,0,2
lens,2,0,2
leaves,2,0,2
laughter,2,0,2
laid,2,0,2
knocked,2,0,2
knees,2,0,2
king,2,0,2
kay,2,0,2
joshes,2,0,2
island,2,0,2
ieee,2,0,2
ice,2,0,2
hyperventilate,2,0,2
hunted,2,0,2
hitting,2,0,2
hill,2,0,2
harry,2,0,2
hang,2,0,2
hahaha,2,0,2
haha,2,0,2
haaa,2,0,2
guzzling,2,0,2
grows,2,0,2
gray,2,0,2
grab,2,0,2
goddamn,2,0,2
gilligan,2,0,2
gathering,2,0,2
fuckin,2,0,2
front,2,0,2
freaking,2,0,2
four,2,0,2
following,2,0,2
flashlight,2,0,2
fingers,2,0,2
fighting,2,0,2
field,2,0,2
feels,2,0,2
fat,2,0,2
fart,2,0,2
explore,2,0,2
examines,2,0,2
embankment,2,0,2
eerie,2,0,2
edit,2,0,2
earshot,2,0,2
dunno,2,0,2
drop,2,0,2
driving,2,0,2
drink,2,0,2
doubles,2,0,2
disgust,2,0,2
disappearing,2,0,2
direct,2,0,2
death,2,0,2
deal,2,0,2
danger,2,0,2
cross,2,0,2
cream,2,0,2
crawl,2,0,2
cp,2,0,2
country,2,0,2
compared,2,0,2
community,2,0,2
comforts,2,0,2
closer,2,0,2
climb,2,0,2
cigarettes,2,0,2
chill,2,0,2
cheeseburger,2,0,2
camping,2,0,2
cal,2,0,2
cackling,2,0,2
cabin,2,0,2
breath,2,0,2
breaking,2,0,2
branches,2,0,2
bottom,2,0,2
blurry,2,0,2
blows,2,0,2
bloody,2,0,2
blood,2,0,2
bless,2,0,2
blank,2,0,2
bite,2,0,2
bible,2,0,2
betrayed,2,0,2
awe,2,0,2
asleep,2,0,2
arrives,2,0,2
arms,2,0,2
appears,2,0,2
ahh,2,0,2
admit,2,0,2
zoom,1,0,1
yep,1,0,1
yelled,1,0,1
yeehaww,1,0,1
year,1,0,1
yawns,1,0,1
yards,1,0,1
writings,1,0,1
wright,1,0,1
wrest,1,0,1
worse,1,0,1
wool,1,0,1
wondered,1,0,1
womans,1,0,1
woke,1,0,1
wives,1,0,1
wits,1,0,1
witchll,1,0,1
wine,1,0,1
windshield,1,0,1
windows,1,0,1
wildly,1,0,1
weight,1,0,1
weeps,1,0,1
weekend,1,0,1
weeds,1,0,1
weed,1,0,1
weaver,1,0,1
weasel,1,0,1
ways,1,0,1
waves,1,0,1
warmer,1,0,1
warm,1,0,1
waken,1,0,1
wake,1,0,1
waitress,1,0,1
waaaahooooo,1,0,1
waaaahhhoooo,1,0,1
vultures,1,0,1
vine,1,0,1
vienna,1,0,1
videotapes,1,0,1
vhs,1,0,1
vapor,1,0,1
utz,1,0,1
usually,1,0,1
uruguay,1,0,1
unzips,1,0,1
unzipped,1,0,1
unusually,1,0,1
unusual,1,0,1
untie,1,0,1
unsnaged,1,0,1
unknown,1,0,1
unfolded,1,0,1
uncontrollable,1,0,1
uncomforted,1,0,1
uncomfortable,1,0,1
uhhms,1,0,1
twilights,1,0,1
tv,1,0,1
tumbling,1,0,1
trinkets,1,0,1
trembling,1,0,1
traveling,1,0,1
trappers,1,0,1
trailer,1,0,1
track,1,0,1
touching,1,0,1
touched,1,0,1
total,1,0,1
tossed,1,0,1
toss,1,0,1
torture,1,0,1
torso,1,0,1
torn,1,0,1
tore,1,0,1
toe,1,0,1
toast,1,0,1
till,1,0,1
tightly,1,0,1
thrown,1,0,1
throwing,1,0,1
threatened,1,0,1
thin,1,0,1
thew,1,0,1
theme,1,0,1
thee,1,0,1
terror,1,0,1
terrified,1,0,1
terrible,1,0,1
tells,1,0,1
teeth,1,0,1
tears,1,0,1
tastes,1,0,1
tapings,1,0,1
tape,1,0,1
tall,1,0,1
tale,1,0,1
system,1,0,1
symbols,1,0,1
swivels,1,0,1
swings,1,0,1
swig,1,0,1
swats,1,0,1
suns,1,0,1
sunday,1,0,1
stutters,1,0,1
student,1,0,1
struggles,1,0,1
struggle,1,0,1
structure,1,0,1
strips,1,0,1
strip,1,0,1
string,1,0,1
stress,1,0,1
strap,1,0,1
stone,1,0,1
stirring,1,0,1
stir,1,0,1
stench,1,0,1
state,1,0,1
stands,1,0,1
stacked,1,0,1
squatting,1,0,1
spuratic,1,0,1
spite,1,0,1
spirited,1,0,1
spilled,1,0,1
speed,1,0,1
speaking,1,0,1
spacer,1,0,1
sorta,1,0,1
song,1,0,1
son,1,0,1
somthin,1,0,1
someones,1,0,1
solid,1,0,1
soft,1,0,1
sob,1,0,1
smoking,1,0,1
smiles,1,0,1
smell,1,0,1
smallest,1,0,1
slowly,1,0,1
slippery,1,0,1
slightly,1,0,1
slide,1,0,1
skipper,1,0,1
sketch,1,0,1
sized,1,0,1
site,1,0,1
sides,1,0,1
shudders,1,0,1
shudder,1,0,1
shrinking,1,0,1
showing,1,0,1
shoves,1,0,1
shoulder,1,0,1
shortcuts,1,0,1
shopping,1,0,1
ship,1,0,1
shhhhh,1,0,1
sheriff,1,0,1
share,1,0,1
shanty,1,0,1
shaking,1,0,1
shake,1,0,1
shack,1,0,1
setting,1,0,1
separate,1,0,1
selfish,1,0,1
season,1,0,1
search,1,0,1
scratched,1,0,1
scientist,1,0,1
scheduled,1,0,1
scattered,1,0,1
sausage,1,0,1
satisfied,1,0,1
salt,1,0,1
rushed,1,0,1
rubs,1,0,1
roots,1,0,1
rolls,1,0,1
rolling,1,0,1
roll,1,0,1
robin,1,0,1
roasted,1,0,1
rests,1,0,1
responsible,1,0,1
resources,1,0,1
research,1,0,1
reply,1,0,1
removed,1,0,1
remove,1,0,1
religious,1,0,1
relaxed,1,0,1
relatively,1,0,1
refereed,1,0,1
red,1,0,1
recorded,1,0,1
recall,1,0,1
reaches,1,0,1
rationally,1,0,1
rambling,1,0,1
raining,1,0,1
quick,1,0,1
puts,1,0,1
punctuality,1,0,1
punching,1,0,1
pulls,1,0,1
pull,1,0,1
protruding,1,0,1
profusely,1,0,1
process,1,0,1
preparing,1,0,1
prepared,1,0,1
precision,1,0,1
positively,1,0,1
portion,1,0,1
poring,1,0,1
police,1,0,1
plops,1,0,1
pleasantly,1,0,1
plaster,1,0,1
planning,1,0,1
places,1,0,1
pitch,1,0,1
piss,1,0,1
phew,1,0,1
persons,1,0,1
personally,1,0,1
permission,1,0,1
paw,1,0,1
patterns,1,0,1
patch,1,0,1
passed,1,0,1
pass,1,0,1
party,1,0,1
parked,1,0,1
paraguay,1,0,1
oww,1,0,1
owl,1,0,1
overhmm,1,0,1
orgies,1,0,1
opportunity,1,0,1
omen,1,0,1
older,1,0,1
offence,1,0,1
october,1,0,1
oclock,1,0,1
occultic,1,0,1
occult,1,0,1
occasion,1,0,1
obviously,1,0,1
oatmeal,1,0,1
numerous,1,0,1
number,1,0,1
noticing,1,0,1
notebook,1,0,1
nostrils,1,0,1
nooo,1,0,1
noise,1,0,1
nods,1,0,1
ninety,1,0,1
nine,1,0,1
neighbors,1,0,1
necessary,1,0,1
nearby,1,0,1
natural,1,0,1
national,1,0,1
naked,1,0,1
nah,1,0,1
mystified,1,0,1
mucus,1,0,1
moves,1,0,1
mouths,1,0,1
mountiness,1,0,1
motives,1,0,1
moss,1,0,1
moooove,1,0,1
mmmm,1,0,1
misty,1,0,1
mists,1,0,1
missing,1,0,1
millimeter,1,0,1
mess,1,0,1
mending,1,0,1
melty,1,0,1
measure,1,0,1
max,1,0,1
marshmallows,1,0,1
marrrrshmelllowwwss,1,0,1
market,1,0,1
marked,1,0,1
mark,1,0,1
marches,1,0,1
mamma,1,0,1
makeup,1,0,1
mag,1,0,1
lungs,1,0,1
lunatic,1,0,1
loud,1,0,1
lots,1,0,1
looms,1,0,1
logs,1,0,1
locations,1,0,1
locals,1,0,1
loaded,1,0,1
lived,1,0,1
lit,1,0,1
lipstick,1,0,1
lifts,1,0,1
lift,1,0,1
licking,1,0,1
licked,1,0,1
level,1,0,1
lemme,1,0,1
legs,1,0,1
legends,1,0,1
legend,1,0,1
leans,1,0,1
laying,1,0,1
layers,1,0,1
laughed,1,0,1
large,1,0,1
laced,1,0,1
kept,1,0,1
keeps,1,0,1
jut,1,0,1
jumps,1,0,1
juice,1,0,1
joke,1,0,1
jitters,1,0,1
jiggles,1,0,1
jelly,1,0,1
jabbing,1,0,1
intestines,1,0,1
interesting,1,0,1
interested,1,0,1
intention,1,0,1
inspection,1,0,1
inscribed,1,0,1
ingrid,1,0,1
inflicted,1,0,1
indicated,1,0,1
indecipherable,1,0,1
incredibly,1,0,1
incidence,1,0,1
importance,1,0,1
imagine,1,0,1
image,1,0,1
illiterate,1,0,1
ignorance,1,0,1
iee,1,0,1
hysterically,1,0,1
hyperventilating,1,0,1
hushes,1,0,1
hurtin,1,0,1
hurrying,1,0,1
hunting,1,0,1
humorless,1,0,1
humanly,1,0,1
humanity,1,0,1
huddling,1,0,1
hoooo,1,0,1
hole,1,0,1
holds,1,0,1
history,1,0,1
historian,1,0,1
hhuh,1,0,1
hermit,1,0,1
helps,1,0,1
hedges,1,0,1
heavily,1,0,1
heaters,1,0,1
heartily,1,0,1
hearing,1,0,1
headstones,1,0,1
heads,1,0,1
haunt,1,0,1
hasnt,1,0,1
hardly,1,0,1
hanging,1,0,1
handful,1,0,1
halloween,1,0,1
hairy,1,0,1
hairs,1,0,1
guy,1,0,1
gutted,1,0,1
grunt,1,0,1
grocery,1,0,1
greek,1,0,1
graves,1,0,1
gravel,1,0,1
grapple,1,0,1
grandmothers,1,0,1
grace,1,0,1
gory,1,0,1
gore,1,0,1
goddamned,1,0,1
goat,1,0,1
gleaming,1,0,1
glares,1,0,1
giving,1,0,1
girlfriend,1,0,1
gilligans,1,0,1
gigantic,1,0,1
ghost,1,0,1
general,1,0,1
fully,1,0,1
fudge,1,0,1
fucker,1,0,1
fu,1,0,1
freezing,1,0,1
forming,1,0,1
formation,1,0,1
forest,1,0,1
forearm,1,0,1
followed,1,0,1
follow,1,0,1
fogged,1,0,1
floor,1,0,1
flight,1,0,1
flashlights,1,0,1
flap,1,0,1
flannel,1,0,1
flames,1,0,1
flails,1,0,1
flag,1,0,1
fixes,1,0,1
fishing,1,0,1
fishermen,1,0,1
fires,1,0,1
finishing,1,0,1
finishes,1,0,1
finely,1,0,1
final,1,0,1
filtered,1,0,1
filmmakers,1,0,1
filling,1,0,1
filled,1,0,1
fifteen,1,0,1
fiddling,1,0,1
fends,1,0,1
female,1,0,1
families,1,0,1
familiar,1,0,1
fallow,1,0,1
fallen,1,0,1
facing,1,0,1
extreme,1,0,1
expect,1,0,1
exists,1,0,1
exhausted,1,0,1
excellent,1,0,1
examine,1,0,1
evidence,1,0,1
everybodys,1,0,1
europe,1,0,1
etched,1,0,1
eof,1,0,1
entranced,1,0,1
entrance,1,0,1
entitled,1,0,1
encounter,1,0,1
eighteenth,1,0,1
ehh,1,0,1
edge,1,0,1
eating,1,0,1
earth,1,0,1
eager,1,0,1
due,1,0,1
drops,1,0,1
drives,1,0,1
drive,1,0,1
drinking,1,0,1
doorstep,1,0,1
dollars,1,0,1
dissapeard,1,0,1
disheveled,1,0,1
discovery,1,0,1
dirty,1,0,1
directors,1,0,1
directly,1,0,1
differently,1,0,1
devil,1,0,1
desecration,1,0,1
descends,1,0,1
depth,1,0,1
deny,1,0,1
deliverance,1,0,1
deeply,1,0,1
deep,1,0,1
decoration,1,0,1
decay,1,0,1
dawn,1,0,1
darker,1,0,1
dangling,1,0,1
damned,1,0,1
curve,1,0,1
cult,1,0,1
crys,1,0,1
crumpled,1,0,1
crumbling,1,0,1
crudely,1,0,1
crouch,1,0,1
crossed,1,0,1
creepiest,1,0,1
creative,1,0,1
crawling,1,0,1
crack,1,0,1
covered,1,0,1
counts,1,0,1
coughs,1,0,1
conversation,1,0,1
continue,1,0,1
confusion,1,0,1
confront,1,0,1
confessional,1,0,1
concerned,1,0,1
comprised,1,0,1
complete,1,0,1
complement,1,0,1
committed,1,0,1
comment,1,0,1
comfort,1,0,1
collapses,1,0,1
clumps,1,0,1
clothes,1,0,1
closely,1,0,1
climbs,1,0,1
clear,1,0,1
clamed,1,0,1
clacks,1,0,1
clacker,1,0,1
circling,1,0,1
chunk,1,0,1
child,1,0,1
chew,1,0,1
cheers,1,0,1
charts,1,0,1
channel,1,0,1
chair,1,0,1
ceremonial,1,0,1
cemeteries,1,0,1
cart,1,0,1
carrying,1,0,1
carries,1,0,1
careful,1,0,1
canvas,1,0,1
calmer,1,0,1
cake,1,0,1
cackle,1,0,1
bust,1,0,1
burning,1,0,1
bunch,1,0,1
bump,1,0,1
bugs,1,0,1
brink,1,0,1
brief,1,0,1
breathes,1,0,1
box,1,0,1
bordello,1,0,1
boooooooh,1,0,1
bolt,1,0,1
bolivia,1,0,1
bodied,1,0,1
bloodletting,1,0,1
bleed,1,0,1
bleating,1,0,1
bleached,1,0,1
black,1,0,1
bites,1,0,1
birthday,1,0,1
bends,1,0,1
belly,1,0,1
belive,1,0,1
believed,1,0,1
beings,1,0,1
beginning,1,0,1
bathroom,1,0,1
bath,1,0,1
basement,1,0,1
bang,1,0,1
ballerina,1,0,1
backs,1,0,1
awww,1,0,1
autofocuses,1,0,1
attempting,1,0,1
attacks,1,0,1
attacking,1,0,1
article,1,0,1
apologize,1,0,1
anyway,1,0,1
anyones,1,0,1
anthem,1,0,1
anger,1,0,1
ancient,1,0,1
amusing,1,0,1
amount,1,0,1
alrighty,1,0,1
aloud,1,0,1
allowance,1,0,1
agreed,1,0,1
agitated,1,0,1
absurd,1,0,1
absolute,1,0,1
abandoned,1,0,1
heather,0,525,525
mike,0,331,331
josh,0,274,274
cuts,0,113,113
fucking,0,95,95
camera,0,62,62
shit,0,52,52
map,0,44,44
fuck,0,39,39
tent,0,33,33
fisherman,0,23,23
god,0,22,22
woods,0,19,19
witch,0,19,19
begins,0,18,18
video,0,15,15
joshs,0,15,15
distance,0,15,15
blair,0,15,15
whispers,0,13,13
rock,0,13,13
point,0,12,12
ass,0,12,12
rocks,0,11,11
mm,0,11,11
log,0,11,11
jesus,0,11,11
hiking,0,11,11
compass,0,11,11
baby,0,11,11
stream,0,10,10
south,0,10,10
slate,0,10,10
mary,0,10,10
dat,0,10,10
cemetery,0,10,10
shooting,0,9,9
pack,0,9,9
camp,0,9,9
points,0,8,8
mikes,0,8,8
kinda,0,8,8
fucked,0,8,8
documentary,0,8,8
crying,0,8,8
check,0,8,8
useless,0,7,7
tree,0,7,7
trail,0,7,7
stairs,0,7,7
near,0,7,7
mumbles,0,7,7
men,0,7,7
hours,0,7,7
holding,0,7,7
crossing,0,7,7
crew,0,7,7
creek,0,7,7
christ,0,7,7
brown,0,7,7
yah,0,6,6
tomorrow,0,6,6
stick,0,6,6
steps,0,6,6
project,0,6,6
laugh,0,6,6
heathers,0,6,6
five,0,6,6
fire,0,6,6
finger,0,6,6
deer,0,6,6
coffin,0,6,6
captain,0,6,6
bound,0,6,6
wet,0,5,5
walks,0,5,5
view,0,5,5
twigs,0,5,5
turns,0,5,5
trees,0,5,5
sticks,0,5,5
sleeping,0,5,5
shots,0,5,5
river,0,5,5
rain,0,5,5
mikey,0,5,5
leaving,0,5,5
hit,0,5,5
gear,0,5,5
games,0,5,5
forth,0,5,5
film,0,5,5
feet,0,5,5
east,0,5,5
dude,0,5,5
die,0,5,5
crazy,0,5,5
bullshit,0,5,5
beer,0,5,5
bag,0,5,5
wicked,0,4,4
water,0,4,4
top,0,4,4
sobs,0,4,4
shoot,0,4,4
shhh,0,4,4
serious,0,4,4
scene,0,4,4
running,0,4,4
reading,0,4,4
quiet,0,4,4
pocket,0,4,4
piles,0,4,4
pants,0,4,4
pain,0,4,4
packed,0,4,4
mouth,0,4,4
meters,0,4,4
lights,0,4,4
knock,0,4,4
kicked,0,4,4
insisted,0,4,4
hungry,0,4,4
hike,0,4,4
haunted,0,4,4
hand,0,4,4
ground,0,4,4
gate,0,4,4
filming,0,4,4
equipment,0,4,4
end,0,4,4
damn,0,4,4
cry,0,4,4
cries,0,4,4
cracking,0,4,4
continues,0,4,4
cellar,0,4,4
burkittsville,0,4,4
bundle,0,4,4
bodies,0,4,4
asshole,0,4,4
america,0,4,4
alright,0,4,4
worth,0,3,3
whispered,0,3,3
washing,0,3,3
tries,0,3,3
throw,0,3,3
supposedly,0,3,3
store,0,3,3
stops,0,3,3
somebody,0,3,3
smart,0,3,3
slime,0,3,3
sixteen,0,3,3
silence,0,3,3
shut,0,3,3
shirt,0,3,3
shawl,0,3,3
scotch,0,3,3
scary,0,3,3
rustling,0,3,3
reality,0,3,3
putting,0,3,3
pushes,0,3,3
potatoes,0,3,3
pile,0,3,3
picks,0,3,3
packs,0,3,3
nope,0,3,3
movies,0,3,3
move,0,3,3
motivation,0,3,3
moans,0,3,3
mind,0,3,3
michael,0,3,3
mashed,0,3,3
marys,0,3,3
maryland,0,3,3
mans,0,3,3
louder,0,3,3
loosing,0,3,3
learned,0,3,3
leaf,0,3,3
holy,0,3,3
gloves,0,3,3
ghosts,0,3,3
footage,0,3,3
fear,0,3,3
eyes,0,3,3
excited,0,3,3
ditch,0,3,3
disappeared,0,3,3
diner,0,3,3
defiantly,0,3,3
confronts,0,3,3
cigarette,0,3,3
chest,0,3,3
campsite,0,3,3
cameras,0,3,3
bought,0,3,3
bottle,0,3,3
boots,0,3,3
bitch,0,3,3
babies,0,3,3
anybody,0,3,3
american,0,3,3
aint,0,3,3
zooms,0,2,2
young,0,2,2
yo,0,2,2
yelling,0,2,2
yell,0,2,2
witchcraft,0,2,2
whisper,0,2,2
whatd,0,2,2
west,0,2,2
wandered,0,2,2
various,0,2,2
unintelligible,0,2,2
uncool,0,2,2
tonight,0,2,2
throws,0,2,2
thick,0,2,2
taping,0,2,2
table,0,2,2
swear,0,2,2
sudden,0,2,2
streams,0,2,2
straight,0,2,2
statement,0,2,2
souvenir,0,2,2
sounding,0,2,2
sounded,0,2,2
sorts,0,2,2
smokes,0,2,2
sings,0,2,2
sing,0,2,2
shows,0,2,2
shivers,0,2,2
shits,0,2,2
shifts,0,2,2
sets,0,2,2
seconds,0,2,2
screwed,0,2,2
scouted,0,2,2
schedule,0,2,2
runs,0,2,2
row,0,2,2
room,0,2,2
rocking,0,2,2
road,0,2,2
rising,0,2,2
ripkin,0,2,2
rice,0,2,2
remain,0,2,2
redneck,0,2,2
rear,0,2,2
realize,0,2,2
reaching,0,2,2
ran,0,2,2
raisin,0,2,2
quickly,0,2,2
punch,0,2,2
pumpkin,0,2,2
prints,0,2,2
powerbar,0,2,2
positive,0,2,2
porch,0,2,2
piece,0,2,2
pie,0,2,2
period,0,2,2
parr,0,2,2
packing,0,2,2
ohhh,0,2,2
obvious,0,2,2
noises,0,2,2
nights,0,2,2
naive,0,2,2
myth,0,2,2
mouse,0,2,2
mountain,0,2,2
motions,0,2,2
motel,0,2,2
moms,0,2,2
mirror,0,2,2
messing,0,2,2
meatball,0,2,2
lying,0,2,2
losing,0,2,2
lens,0,2,2
leaves,0,2,2
laughter,0,2,2
laid,0,2,2
knocked,0,2,2
knees,0,2,2
king,0,2,2
kay,0,2,2
joshes,0,2,2
island,0,2,2
ieee,0,2,2
ice,0,2,2
hyperventilate,0,2,2
hunted,0,2,2
hitting,0,2,2
hill,0,2,2
harry,0,2,2
hang,0,2,2
hahaha,0,2,2
haha,0,2,2
haaa,0,2,2
guzzling,0,2,2
grows,0,2,2
gray,0,2,2
grab,0,2,2
goddamn,0,2,2
gilligan,0,2,2
gathering,0,2,2
fuckin,0,2,2
front,0,2,2
freaking,0,2,2
four,0,2,2
following,0,2,2
flashlight,0,2,2
fingers,0,2,2
fighting,0,2,2
field,0,2,2
feels,0,2,2
fat,0,2,2
fart,0,2,2
explore,0,2,2
examines,0,2,2
embankment,0,2,2
eerie,0,2,2
edit,0,2,2
earshot,0,2,2
dunno,0,2,2
drop,0,2,2
driving,0,2,2
drink,0,2,2
doubles,0,2,2
disgust,0,2,2
disappearing,0,2,2
direct,0,2,2
death,0,2,2
deal,0,2,2
danger,0,2,2
cross,0,2,2
cream,0,2,2
crawl,0,2,2
cp,0,2,2
country,0,2,2
compared,0,2,2
community,0,2,2
comforts,0,2,2
closer,0,2,2
climb,0,2,2
cigarettes,0,2,2
chill,0,2,2
cheeseburger,0,2,2
camping,0,2,2
cal,0,2,2
cackling,0,2,2
cabin,0,2,2
breath,0,2,2
breaking,0,2,2
branches,0,2,2
bottom,0,2,2
blurry,0,2,2
blows,0,2,2
bloody,0,2,2
blood,0,2,2
bless,0,2,2
blank,0,2,2
bite,0,2,2
bible,0,2,2
betrayed,0,2,2
awe,0,2,2
asleep,0,2,2
arrives,0,2,2
arms,0,2,2
appears,0,2,2
ahh,0,2,2
admit,0,2,2
zoom,0,1,1
yep,0,1,1
yelled,0,1,1
yeehaww,0,1,1
year,0,1,1
yawns,0,1,1
yards,0,1,1
writings,0,1,1
wright,0,1,1
wrest,0,1,1
worse,0,1,1
wool,0,1,1
wondered,0,1,1
womans,0,1,1
woke,0,1,1
wives,0,1,1
wits,0,1,1
witchll,0,1,1
wine,0,1,1
windshield,0,1,1
windows,0,1,1
wildly,0,1,1
weight,0,1,1
weeps,0,1,1
weekend,0,1,1
weeds,0,1,1
weed,0,1,1
weaver,0,1,1
weasel,0,1,1
ways,0,1,1
waves,0,1,1
warmer,0,1,1
warm,0,1,1
waken,0,1,1
wake,0,1,1
waitress,0,1,1
waaaahooooo,0,1,1
waaaahhhoooo,0,1,1
vultures,0,1,1
vine,0,1,1
vienna,0,1,1
videotapes,0,1,1
vhs,0,1,1
vapor,0,1,1
utz,0,1,1
usually,0,1,1
uruguay,0,1,1
unzips,0,1,1
unzipped,0,1,1
unusually,0,1,1
unusual,0,1,1
untie,0,1,1
unsnaged,0,1,1
unknown,0,1,1
unfolded,0,1,1
uncontrollable,0,1,1
uncomforted,0,1,1
uncomfortable,0,1,1
uhhms,0,1,1
twilights,0,1,1
tv,0,1,1
tumbling,0,1,1
trinkets,0,1,1
trembling,0,1,1
traveling,0,1,1
trappers,0,1,1
trailer,0,1,1
track,0,1,1
touching,0,1,1
touched,0,1,1
total,0,1,1
tossed,0,1,1
toss,0,1,1
torture,0,1,1
torso,0,1,1
torn,0,1,1
tore,0,1,1
toe,0,1,1
toast,0,1,1
till,0,1,1
tightly,0,1,1
thrown,0,1,1
throwing,0,1,1
threatened,0,1,1
thin,0,1,1
thew,0,1,1
theme,0,1,1
thee,0,1,1
terror,0,1,1
terrified,0,1,1
terrible,0,1,1
tells,0,1,1
teeth,0,1,1
tears,0,1,1
tastes,0,1,1
tapings,0,1,1
tape,0,1,1
tall,0,1,1
tale,0,1,1
system,0,1,1
symbols,0,1,1
swivels,0,1,1
swings,0,1,1
swig,0,1,1
swats,0,1,1
suns,0,1,1
sunday,0,1,1
stutters,0,1,1
student,0,1,1
struggles,0,1,1
struggle,0,1,1
structure,0,1,1
strips,0,1,1
strip,0,1,1
string,0,1,1
stress,0,1,1
strap,0,1,1
stone,0,1,1
stirring,0,1,1
stir,0,1,1
stench,0,1,1
state,0,1,1
stands,0,1,1
stacked,0,1,1
squatting,0,1,1
spuratic,0,1,1
spite,0,1,1
spirited,0,1,1
spilled,0,1,1
speed,0,1,1
speaking,0,1,1
spacer,0,1,1
sorta,0,1,1
song,0,1,1
son,0,1,1
somthin,0,1,1
someones,0,1,1
solid,0,1,1
soft,0,1,1
sob,0,1,1
smoking,0,1,1
smiles,0,1,1
smell,0,1,1
smallest,0,1,1
slowly,0,1,1
slippery,0,1,1
slightly,0,1,1
slide,0,1,1
skipper,0,1,1
sketch,0,1,1
sized,0,1,1
site,0,1,1
sides,0,1,1
shudders,0,1,1
shudder,0,1,1
shrinking,0,1,1
showing,0,1,1
shoves,0,1,1
shoulder,0,1,1
shortcuts,0,1,1
shopping,0,1,1
ship,0,1,1
shhhhh,0,1,1
sheriff,0,1,1
share,0,1,1
shanty,0,1,1
shaking,0,1,1
shake,0,1,1
shack,0,1,1
setting,0,1,1
separate,0,1,1
selfish,0,1,1
season,0,1,1
search,0,1,1
scratched,0,1,1
scientist,0,1,1
scheduled,0,1,1
scattered,0,1,1
sausage,0,1,1
satisfied,0,1,1
salt,0,1,1
rushed,0,1,1
rubs,0,1,1
roots,0,1,1
rolls,0,1,1
rolling,0,1,1
roll,0,1,1
robin,0,1,1
roasted,0,1,1
rests,0,1,1
responsible,0,1,1
resources,0,1,1
research,0,1,1
reply,0,1,1
removed,0,1,1
remove,0,1,1
religious,0,1,1
relaxed,0,1,1
relatively,0,1,1
refereed,0,1,1
red,0,1,1
recorded,0,1,1
recall,0,1,1
reaches,0,1,1
rationally,0,1,1
rambling,0,1,1
raining,0,1,1
quick,0,1,1
puts,0,1,1
punctuality,0,1,1
punching,0,1,1
pulls,0,1,1
pull,0,1,1
protruding,0,1,1
profusely,0,1,1
process,0,1,1
preparing,0,1,1
prepared,0,1,1
precision,0,1,1
positively,0,1,1
portion,0,1,1
poring,0,1,1
police,0,1,1
plops,0,1,1
pleasantly,0,1,1
plaster,0,1,1
planning,0,1,1
places,0,1,1
pitch,0,1,1
piss,0,1,1
phew,0,1,1
persons,0,1,1
personally,0,1,1
permission,0,1,1
paw,0,1,1
patterns,0,1,1
patch,0,1,1
passed,0,1,1
pass,0,1,1
party,0,1,1
parked,0,1,1
paraguay,0,1,1
oww,0,1,1
owl,0,1,1
overhmm,0,1,1
orgies,0,1,1
opportunity,0,1,1
omen,0,1,1
older,0,1,1
offence,0,1,1
october,0,1,1
oclock,0,1,1
occultic,0,1,1
occult,0,1,1
occasion,0,1,1
obviously,0,1,1
oatmeal,0,1,1
numerous,0,1,1
number,0,1,1
noticing,0,1,1
notebook,0,1,1
nostrils,0,1,1
nooo,0,1,1
noise,0,1,1
nods,0,1,1
ninety,0,1,1
nine,0,1,1
neighbors,0,1,1
necessary,0,1,1
nearby,0,1,1
natural,0,1,1
national,0,1,1
naked,0,1,1
nah,0,1,1
mystified,0,1,1
mucus,0,1,1
moves,0,1,1
mouths,0,1,1
mountiness,0,1,1
motives,0,1,1
moss,0,1,1
moooove,0,1,1
mmmm,0,1,1
misty,0,1,1
mists,0,1,1
missing,0,1,1
millimeter,0,1,1
mess,0,1,1
mending,0,1,1
melty,0,1,1
measure,0,1,1
max,0,1,1
marshmallows,0,1,1
marrrrshmelllowwwss,0,1,1
market,0,1,1
marked,0,1,1
mark,0,1,1
marches,0,1,1
mamma,0,1,1
makeup,0,1,1
mag,0,1,1
lungs,0,1,1
lunatic,0,1,1
loud,0,1,1
lots,0,1,1
looms,0,1,1
logs,0,1,1
locations,0,1,1
locals,0,1,1
loaded,0,1,1
lived,0,1,1
lit,0,1,1
lipstick,0,1,1
lifts,0,1,1
lift,0,1,1
licking,0,1,1
licked,0,1,1
level,0,1,1
lemme,0,1,1
legs,0,1,1
legends,0,1,1
legend,0,1,1
leans,0,1,1
laying,0,1,1
layers,0,1,1
laughed,0,1,1
large,0,1,1
laced,0,1,1
kept,0,1,1
keeps,0,1,1
jut,0,1,1
jumps,0,1,1
juice,0,1,1
joke,0,1,1
jitters,0,1,1
jiggles,0,1,1
jelly,0,1,1
jabbing,0,1,1
intestines,0,1,1
interesting,0,1,1
interested,0,1,1
intention,0,1,1
inspection,0,1,1
inscribed,0,1,1
ingrid,0,1,1
inflicted,0,1,1
indicated,0,1,1
indecipherable,0,1,1
incredibly,0,1,1
incidence,0,1,1
importance,0,1,1
imagine,0,1,1
image,0,1,1
illiterate,0,1,1
ignorance,0,1,1
iee,0,1,1
hysterically,0,1,1
hyperventilating,0,1,1
hushes,0,1,1
hurtin,0,1,1
hurrying,0,1,1
hunting,0,1,1
humorless,0,1,1
humanly,0,1,1
humanity,0,1,1
huddling,0,1,1
hoooo,0,1,1
hole,0,1,1
holds,0,1,1
history,0,1,1
historian,0,1,1
hhuh,0,1,1
hermit,0,1,1
helps,0,1,1
hedges,0,1,1
heavily,0,1,1
heaters,0,1,1
heartily,0,1,1
hearing,0,1,1
headstones,0,1,1
heads,0,1,1
haunt,0,1,1
hasnt,0,1,1
hardly,0,1,1
hanging,0,1,1
handful,0,1,1
halloween,0,1,1
hairy,0,1,1
hairs,0,1,1
guy,0,1,1
gutted,0,1,1
grunt,0,1,1
grocery,0,1,1
greek,0,1,1
graves,0,1,1
gravel,0,1,1
grapple,0,1,1
grandmothers,0,1,1
grace,0,1,1
gory,0,1,1
gore,0,1,1
goddamned,0,1,1
goat,0,1,1
gleaming,0,1,1
glares,0,1,1
giving,0,1,1
girlfriend,0,1,1
gilligans,0,1,1
gigantic,0,1,1
ghost,0,1,1
general,0,1,1
fully,0,1,1
fudge,0,1,1
fucker,0,1,1
fu,0,1,1
freezing,0,1,1
forming,0,1,1
formation,0,1,1
forest,0,1,1
forearm,0,1,1
followed,0,1,1
follow,0,1,1
fogged,0,1,1
floor,0,1,1
flight,0,1,1
flashlights,0,1,1
flap,0,1,1
flannel,0,1,1
flames,0,1,1
flails,0,1,1
flag,0,1,1
fixes,0,1,1
fishing,0,1,1
fishermen,0,1,1
fires,0,1,1
finishing,0,1,1
finishes,0,1,1
finely,0,1,1
final,0,1,1
filtered,0,1,1
filmmakers,0,1,1
filling,0,1,1
filled,0,1,1
fifteen,0,1,1
fiddling,0,1,1
fends,0,1,1
female,0,1,1
families,0,1,1
familiar,0,1,1
fallow,0,1,1
fallen,0,1,1
facing,0,1,1
extreme,0,1,1
expect,0,1,1
exists,0,1,1
exhausted,0,1,1
excellent,0,1,1
examine,0,1,1
evidence,0,1,1
everybodys,0,1,1
europe,0,1,1
etched,0,1,1
eof,0,1,1
entranced,0,1,1
entrance,0,1,1
entitled,0,1,1
encounter,0,1,1
eighteenth,0,1,1
ehh,0,1,1
edge,0,1,1
eating,0,1,1
earth,0,1,1
eager,0,1,1
due,0,1,1
drops,0,1,1
drives,0,1,1
drive,0,1,1
drinking,0,1,1
doorstep,0,1,1
dollars,0,1,1
dissapeard,0,1,1
disheveled,0,1,1
discovery,0,1,1
dirty,0,1,1
directors,0,1,1
directly,0,1,1
differently,0,1,1
devil,0,1,1
desecration,0,1,1
descends,0,1,1
depth,0,1,1
deny,0,1,1
deliverance,0,1,1
deeply,0,1,1
deep,0,1,1
decoration,0,1,1
decay,0,1,1
dawn,0,1,1
darker,0,1,1
dangling,0,1,1
damned,0,1,1
curve,0,1,1
cult,0,1,1
crys,0,1,1
crumpled,0,1,1
crumbling,0,1,1
crudely,0,1,1
crouch,0,1,1
crossed,0,1,1
creepiest,0,1,1
creative,0,1,1
crawling,0,1,1
crack,0,1,1
covered,0,1,1
counts,0,1,1
coughs,0,1,1
conversation,0,1,1
continue,0,1,1
confusion,0,1,1
confront,0,1,1
confessional,0,1,1
concerned,0,1,1
comprised,0,1,1
complete,0,1,1
complement,0,1,1
committed,0,1,1
comment,0,1,1
comfort,0,1,1
collapses,0,1,1
clumps,0,1,1
clothes,0,1,1
closely,0,1,1
climbs,0,1,1
clear,0,1,1
clamed,0,1,1
clacks,0,1,1
clacker,0,1,1
circling,0,1,1
chunk,0,1,1
child,0,1,1
chew,0,1,1
cheers,0,1,1
charts,0,1,1
channel,0,1,1
chair,0,1,1
ceremonial,0,1,1
cemeteries,0,1,1
cart,0,1,1
carrying,0,1,1
carries,0,1,1
careful,0,1,1
canvas,0,1,1
calmer,0,1,1
cake,0,1,1
cackle,0,1,1
bust,0,1,1
burning,0,1,1
bunch,0,1,1
bump,0,1,1
bugs,0,1,1
brink,0,1,1
brief,0,1,1
breathes,0,1,1
box,0,1,1
bordello,0,1,1
boooooooh,0,1,1
bolt,0,1,1
bolivia,0,1,1
bodied,0,1,1
bloodletting,0,1,1
bleed,0,1,1
bleating,0,1,1
bleached,0,1,1
black,0,1,1
bites,0,1,1
birthday,0,1,1
bends,0,1,1
belly,0,1,1
belive,0,1,1
believed,0,1,1
beings,0,1,1
beginning,0,1,1
bathroom,0,1,1
bath,0,1,1
basement,0,1,1
bang,0,1,1
ballerina,0,1,1
backs,0,1,1
awww,0,1,1
autofocuses,0,1,1
attempting,0,1,1
attacks,0,1,1
attacking,0,1,1
article,0,1,1
apologize,0,1,1
anyway,0,1,1
anyones,0,1,1
anthem,0,1,1
anger,0,1,1
ancient,0,1,1
amusing,0,1,1
amount,0,1,1
alrighty,0,1,1
aloud,0,1,1
allowance,0,1,1
agreed,0,1,1
agitated,0,1,1
absurd,0,1,1
absolute,0,1,1
abandoned,0,1,1