word,The Craft,The Love Witch,total
im,56,53,109
know,57,48,105
love,11,87,98
do,55,43,98
dont,63,31,94
like,36,54,90
just,44,40,84
witch,8,71,79
oh,31,43,74
burn,1,59,60
youre,31,27,58
go,44,14,58
yeah,42,14,56
really,26,28,54
want,34,14,48
think,30,17,47
right,23,22,45
thats,26,18,44
get,22,21,43
come,30,12,42
going,22,16,38
sorry,25,9,34
look,27,7,34
good,23,10,33
yes,8,24,32
way,11,21,32
see,17,15,32
whats,24,7,31
didnt,19,12,31
did,22,9,31
need,14,15,29
man,6,23,29
please,20,8,28
ill,16,12,28
hes,17,11,28
cant,18,10,28
okay,21,6,27
maybe,15,12,27
back,17,10,27
take,9,17,26
stop,23,3,26
little,14,11,25
ive,5,20,25
god,20,4,24
thought,9,14,23
shes,20,3,23
mean,16,7,23
make,10,13,23
life,6,16,22
hi,9,12,21
got,8,13,21
wait,16,4,20
power,12,8,20
guys,18,2,20
feel,8,12,20
theyre,11,7,18
magic,8,10,18
give,6,12,18
girl,6,12,18
used,2,15,17
people,8,9,17
let,8,9,17
gonna,15,2,17
sure,7,9,16
found,2,14,16
witches,2,13,15
things,6,9,15
nice,9,6,15
made,5,10,15
girls,9,6,15
woman,1,13,14
wanted,4,10,14
time,5,9,14
thing,7,7,14
tell,9,5,14
lets,9,5,14
away,8,6,14
thank,3,10,13
seen,2,11,13
doesnt,6,7,13
beautiful,6,7,13
baby,2,11,13
work,3,9,12
understand,8,4,12
thee,9,3,12
say,5,7,12
powers,10,2,12
invoke,10,2,12
id,2,10,12
home,9,3,12
day,3,9,12
crazy,3,9,12
women,1,10,11
wanna,2,9,11
said,6,5,11
mind,4,7,11
happened,7,4,11
fine,8,3,11
find,3,8,11
course,3,8,11
call,6,5,11
am,4,7,11
saying,8,2,10
nature,3,7,10
killed,6,4,10
honey,8,2,10
help,5,5,10
heart,3,7,10
hail,8,2,10
doing,8,2,10
died,1,9,10
bad,6,4,10
two,1,8,9
times,7,2,9
three,8,1,9
san,4,5,9
read,5,4,9
poor,1,8,9
perfect,4,5,9
new,3,6,9
mother,5,4,9
looking,7,2,9
hear,8,1,9
hair,5,4,9
great,5,4,9
francisco,4,5,9
better,6,3,9
working,7,1,8
weird,6,2,8
watch,6,2,8
trying,6,2,8
tonight,2,6,8
told,5,3,8
today,3,5,8
thinking,4,4,8
theres,4,4,8
stay,6,2,8
spells,3,5,8
says,4,4,8
pretty,5,3,8
place,4,4,8
old,2,6,8
loved,2,6,8
lot,2,6,8
kill,6,2,8
isnt,2,6,8
inside,5,3,8
house,3,5,8
hold,6,2,8
does,4,4,8
body,3,5,8
bitch,5,3,8
believe,6,2,8
ask,4,4,8
white,3,4,7
use,3,4,7
try,4,3,7
touch,5,2,7
stuff,4,3,7
strong,1,6,7
real,5,2,7
put,6,1,7
listen,6,1,7
leave,5,2,7
late,3,4,7
hey,1,6,7
hell,4,3,7
guess,3,4,7
gotta,5,2,7
end,4,3,7
drink,4,3,7
dinner,2,5,7
couldnt,2,5,7
connie,5,2,7
coming,4,3,7
circle,6,1,7
cause,5,2,7
came,3,4,7
bye,4,3,7
black,3,4,7
big,6,1,7
youve,1,5,6
youll,2,4,6
wrong,5,1,6
supposed,4,2,6
soon,1,5,6
room,3,3,6
ring,1,5,6
practice,4,2,6
police,1,5,6
night,3,3,6
matter,5,1,6
keep,5,1,6
hows,3,3,6
hard,2,4,6
getting,4,2,6
gave,3,3,6
friends,4,2,6
flying,3,3,6
bind,4,2,6
apartment,3,3,6
actually,4,2,6
wont,1,4,5
whos,4,1,5
uh,1,4,5
true,3,2,5
tried,2,3,5
tricky,4,1,5
thanks,2,3,5
teach,1,4,5
talk,4,1,5
sweet,2,3,5
started,2,3,5
start,1,4,5
sleep,2,3,5
sit,4,1,5
show,3,2,5
scared,4,1,5
run,4,1,5
remember,3,2,5
powerful,2,3,5
ones,1,4,5
natural,3,2,5
makes,4,1,5
looks,3,2,5
long,1,4,5
lights,4,1,5
learn,2,3,5
later,2,3,5
hello,4,1,5
heard,2,3,5
having,3,2,5
havent,2,3,5
guy,3,2,5
gone,3,2,5
feeling,2,3,5
eyes,4,1,5
dear,3,2,5
city,1,4,5
care,1,4,5
car,3,2,5
bed,2,3,5
arent,4,1,5
world,1,3,4
ways,2,2,4
turns,1,3,4
trust,2,2,4
trip,1,3,4
tomorrow,2,2,4
theyd,1,3,4
stupid,1,3,4
strange,1,3,4
spirit,3,1,4
sort,1,3,4
shall,2,2,4
relax,3,1,4
ready,3,1,4
open,2,2,4
morning,1,3,4
miss,1,3,4
minute,2,2,4
known,1,3,4
jesus,3,1,4
huh,2,2,4
hot,2,2,4
heavy,3,1,4
hang,3,1,4
green,2,2,4
funny,3,1,4
fear,2,2,4
deep,3,1,4
days,2,2,4
crash,1,3,4
coven,1,3,4
class,1,3,4
careful,1,3,4
called,3,1,4
busy,2,2,4
anymore,1,3,4
animals,1,3,4
ancient,1,3,4
afraid,3,1,4
youd,2,1,3
wow,1,2,3
wouldnt,1,2,3
wonder,1,2,3
weve,2,1,3
week,1,2,3
wasnt,1,2,3
walk,2,1,3
waiting,2,1,3
underneath,2,1,3
suffer,1,2,3
seat,1,2,3
scary,2,1,3
saw,2,1,3
reading,1,2,3
reach,2,1,3
quiet,1,2,3
questions,1,2,3
probably,1,2,3
possible,1,2,3
policy,2,1,3
play,2,1,3
plane,2,1,3
phone,2,1,3
person,1,2,3
needs,1,2,3
mr,2,1,3
mine,2,1,3
live,1,2,3
lab,1,2,3
kind,2,1,3
idea,1,2,3
hurt,2,1,3
howd,2,1,3
hour,2,1,3
high,1,2,3
hand,2,1,3
glad,1,2,3
felt,1,2,3
fall,2,1,3
experience,2,1,3
exactly,1,2,3
dreams,2,1,3
dream,2,1,3
different,1,2,3
dangerous,1,2,3
coffee,1,2,3
check,1,2,3
blessed,2,1,3
beauty,1,2,3
anyway,2,1,3
anybody,1,2,3
amazing,2,1,3
write,1,1,2
wonderful,1,1,2
wish,1,1,2
whores,1,1,2
whore,1,1,2
whoa,1,1,2
wear,1,1,2
view,1,1,2
thy,1,1,2
thoughts,1,1,2
taking,1,1,2
suspect,1,1,2
story,1,1,2
stepford,1,1,2
starts,1,1,2
spiritual,1,1,2
sister,1,1,2
sharp,1,1,2
send,1,1,2
sell,1,1,2
seeing,1,1,2
saved,1,1,2
safe,1,1,2
rocks,1,1,2
pool,1,1,2
pieces,1,1,2
personal,1,1,2
part,1,1,2
painful,1,1,2
older,1,1,2
moon,1,1,2
meeting,1,1,2
magical,1,1,2
liked,1,1,2
lie,1,1,2
letting,1,1,2
leaving,1,1,2
lay,1,1,2
lady,1,1,2
knows,1,1,2
kids,1,1,2
interrupt,1,1,2
interesting,1,1,2
hole,1,1,2
hmm,1,1,2
helped,1,1,2
happy,1,1,2
ground,1,1,2
gross,1,1,2
given,1,1,2
gathering,1,1,2
games,1,1,2
game,1,1,2
fun,1,1,2
french,1,1,2
focus,1,1,2
flowing,1,1,2
fixed,1,1,2
feet,1,1,2
face,1,1,2
excuse,1,1,2
eat,1,1,2
details,1,1,2
daughter,1,1,2
dark,1,1,2
control,1,1,2
concentrating,1,1,2
company,1,1,2
clear,1,1,2
clean,1,1,2
child,1,1,2
challenge,1,1,2
candles,1,1,2
calls,1,1,2
brush,1,1,2
bet,1,1,2
bedroom,1,1,2
arm,1,1,2
anyways,1,1,2
answer,1,1,2
ago,1,1,2
act,1,1,2
abused,1,1,2
sarah,29,0,29
nancy,21,0,21
chris,17,0,17
shit,13,0,13
head,12,0,12
manon,10,0,10
harm,10,0,10
light,9,0,9
watchtowers,8,0,8
laura,8,0,8
guardians,8,0,8
talking,7,0,7
pay,7,0,7
bonnie,7,0,7
pathetic,6,0,6
north,6,0,6
hit,6,0,6
hate,6,0,6
fourth,6,0,6
earth,6,0,6
dad,6,0,6
spell,5,0,5
shut,5,0,5
second,5,0,5
rochelle,5,0,5
paranoid,5,0,5
money,5,0,5
happen,5,0,5
francis,5,0,5
finger,5,0,5
dead,5,0,5
air,5,0,5
weak,4,0,4
water,4,0,4
sisters,4,0,4
school,4,0,4
scars,4,0,4
red,4,0,4
move,4,0,4
mom,4,0,4
forget,4,0,4
football,4,0,4
five,4,0,4
fire,4,0,4
feather,4,0,4
enter,4,0,4
couch,4,0,4
book,4,0,4
board,4,0,4
ass,4,0,4
west,3,0,3
tv,3,0,3
surprised,3,0,3
stiff,3,0,3
south,3,0,3
somebody,3,0,3
serpent,3,0,3
reason,3,0,3
ray,3,0,3
jealous,3,0,3
heads,3,0,3
happening,3,0,3
glamour,3,0,3
exist,3,0,3
everybody,3,0,3
east,3,0,3
downs,3,0,3
devil,3,0,3
cry,3,0,3
corners,3,0,3
completely,3,0,3
comes,3,0,3
close,3,0,3
butt,3,0,3
blonde,3,0,3
bill,3,0,3
bigger,3,0,3
balance,3,0,3
worked,2,0,2
win,2,0,2
whyd,2,0,2
weirdos,2,0,2
warm,2,0,2
usually,2,0,2
unto,2,0,2
uniform,2,0,2
undo,2,0,2
twenty,2,0,2
turn,2,0,2
truth,2,0,2
throwing,2,0,2
takes,2,0,2
surprise,2,0,2
sucks,2,0,2
straight,2,0,2
storm,2,0,2
steal,2,0,2
special,2,0,2
slut,2,0,2
slit,2,0,2
size,2,0,2
salon,2,0,2
rush,2,0,2
rub,2,0,2
roof,2,0,2
rochelles,2,0,2
results,2,0,2
relaxed,2,0,2
ran,2,0,2
procedure,2,0,2
peace,2,0,2
party,2,0,2
outside,2,0,2
noninvasive,2,0,2
needle,2,0,2
nah,2,0,2
middle,2,0,2
laid,2,0,2
keeps,2,0,2
juke,2,0,2
joke,2,0,2
jerk,2,0,2
jenny,2,0,2
impressed,2,0,2
hundred,2,0,2
hooker,2,0,2
holy,2,0,2
hanging,2,0,2
goes,2,0,2
goddamn,2,0,2
glory,2,0,2
form,2,0,2
fly,2,0,2
fingers,2,0,2
father,2,0,2
far,2,0,2
especially,2,0,2
discount,2,0,2
definitely,2,0,2
deal,2,0,2
darling,2,0,2
concentrate,2,0,2
calm,2,0,2
box,2,0,2
bleeding,2,0,2
blade,2,0,2
apologize,2,0,2
aint,2,0,2
accident,2,0,2
writing,1,0,1
wrists,1,0,1
wreckage,1,0,1
wrap,1,0,1
worst,1,0,1
worship,1,0,1
wondering,1,0,1
wise,1,0,1
window,1,0,1
wind,1,0,1
wick,1,0,1
wholeness,1,0,1
whered,1,0,1
whatd,1,0,1
watching,1,0,1
warranties,1,0,1
warming,1,0,1
waah,1,0,1
voice,1,0,1
veins,1,0,1
upstairs,1,0,1
upright,1,0,1
unofficially,1,0,1
unleash,1,0,1
undoing,1,0,1
turned,1,0,1
treys,1,0,1
tremendous,1,0,1
trees,1,0,1
treating,1,0,1
treat,1,0,1
travel,1,0,1
trash,1,0,1
trail,1,0,1
tragedy,1,0,1
towels,1,0,1
totally,1,0,1
todays,1,0,1
tits,1,0,1
tiny,1,0,1
throat,1,0,1
threefold,1,0,1
therapy,1,0,1
theological,1,0,1
tempting,1,0,1
temple,1,0,1
tells,1,0,1
telling,1,0,1
taxis,1,0,1
survivors,1,0,1
survival,1,0,1
surround,1,0,1
surrender,1,0,1
superb,1,0,1
sun,1,0,1
summon,1,0,1
suits,1,0,1
suffering,1,0,1
subtle,1,0,1
stir,1,0,1
sting,1,0,1
steals,1,0,1
stare,1,0,1
standard,1,0,1
stairs,1,0,1
stadium,1,0,1
st,1,0,1
square,1,0,1
spreads,1,0,1
sprained,1,0,1
split,1,0,1
spent,1,0,1
spending,1,0,1
speak,1,0,1
spanish,1,0,1
space,1,0,1
sounded,1,0,1
song,1,0,1
somewhat,1,0,1
somethin,1,0,1
social,1,0,1
snakes,1,0,1
snake,1,0,1
snail,1,0,1
smaller,1,0,1
slick,1,0,1
sleeping,1,0,1
simpler,1,0,1
side,1,0,1
shy,1,0,1
shrunken,1,0,1
shouldve,1,0,1
shopping,1,0,1
shone,1,0,1
shitty,1,0,1
shell,1,0,1
shear,1,0,1
shark,1,0,1
shape,1,0,1
shampoo,1,0,1
severe,1,0,1
seventy,1,0,1
set,1,0,1
seriously,1,0,1
sea,1,0,1
screwing,1,0,1
screwed,1,0,1
scattered,1,0,1
save,1,0,1
saunders,1,0,1
satan,1,0,1
sarahs,1,0,1
sad,1,0,1
sack,1,0,1
rushed,1,0,1
running,1,0,1
ruler,1,0,1
rude,1,0,1
rock,1,0,1
risk,1,0,1
retrieved,1,0,1
restaurant,1,0,1
rest,1,0,1
responsible,1,0,1
respect,1,0,1
relieved,1,0,1
relatively,1,0,1
regarding,1,0,1
records,1,0,1
rearview,1,0,1
rain,1,0,1
rag,1,0,1
racist,1,0,1
puppy,1,0,1
punk,1,0,1
pulled,1,0,1
pubic,1,0,1
provisions,1,0,1
processing,1,0,1
principal,1,0,1
price,1,0,1
prayers,1,0,1
pray,1,0,1
practical,1,0,1
position,1,0,1
plays,1,0,1
playing,1,0,1
played,1,0,1
planet,1,0,1
plan,1,0,1
pipe,1,0,1
pig,1,0,1
pick,1,0,1
personally,1,0,1
pension,1,0,1
penetrates,1,0,1
peg,1,0,1
pedicure,1,0,1
passes,1,0,1
pass,1,0,1
palms,1,0,1
paid,1,0,1
oxygen,1,0,1
ooh,1,0,1
onlooker,1,0,1
oldest,1,0,1
officials,1,0,1
obsession,1,0,1
noticing,1,0,1
noticed,1,0,1
nobodys,1,0,1
nightmare,1,0,1
news,1,0,1
neighbors,1,0,1
neighborhood,1,0,1
negroids,1,0,1
nasty,1,0,1
narcissistic,1,0,1
nappy,1,0,1
nancys,1,0,1
nailed,1,0,1
mrs,1,0,1
moving,1,0,1
moves,1,0,1
mothers,1,0,1
mood,1,0,1
monster,1,0,1
mister,1,0,1
missing,1,0,1
mirror,1,0,1
mile,1,0,1
mexican,1,0,1
message,1,0,1
mays,1,0,1
mass,1,0,1
mark,1,0,1
manners,1,0,1
mammoth,1,0,1
major,1,0,1
mad,1,0,1
lying,1,0,1
luck,1,0,1
low,1,0,1
loving,1,0,1
lousiest,1,0,1
los,1,0,1
looked,1,0,1
loni,1,0,1
lizzies,1,0,1
lizzie,1,0,1
listening,1,0,1
lirio,1,0,1
lid,1,0,1
lend,1,0,1
leaves,1,0,1
learning,1,0,1
lazy,1,0,1
lays,1,0,1
la,1,0,1
knife,1,0,1
kitchen,1,0,1
kissing,1,0,1
judge,1,0,1
jock,1,0,1
jennyll,1,0,1
jacket,1,0,1
itll,1,0,1
invoking,1,0,1
investigationi,1,0,1
invention,1,0,1
invented,1,0,1
intuition,1,0,1
intensely,1,0,1
instructions,1,0,1
index,1,0,1
incredibly,1,0,1
important,1,0,1
imagine,1,0,1
illusion,1,0,1
hurting,1,0,1
humiliating,1,0,1
howre,1,0,1
honestly,1,0,1
homeroom,1,0,1
higher,1,0,1
hiding,1,0,1
hat,1,0,1
hallucinate,1,0,1
half,1,0,1
hairy,1,0,1
hairs,1,0,1
guardian,1,0,1
group,1,0,1
groove,1,0,1
grace,1,0,1
gotcha,1,0,1
global,1,0,1
gives,1,0,1
girlfriends,1,0,1
girlfriend,1,0,1
gifts,1,0,1
gift,1,0,1
genius,1,0,1
genesis,1,0,1
gene,1,0,1
full,1,0,1
fuck,1,0,1
frighten,1,0,1
friendship,1,0,1
freaking,1,0,1
four,1,0,1
forms,1,0,1
fool,1,0,1
food,1,0,1
follow,1,0,1
floors,1,0,1
floodgate,1,0,1
flooded,1,0,1
flight,1,0,1
flew,1,0,1
fills,1,0,1
fill,1,0,1
fifth,1,0,1
field,1,0,1
fault,1,0,1
fathers,1,0,1
fat,1,0,1
falling,1,0,1
faiths,1,0,1
faa,1,0,1
explains,1,0,1
experimental,1,0,1
experienced,1,0,1
expect,1,0,1
eve,1,0,1
ends,1,0,1
empty,1,0,1
effects,1,0,1
eastwick,1,0,1
drier,1,0,1
draper,1,0,1
door,1,0,1
dollars,1,0,1
doin,1,0,1
ditching,1,0,1
disgusting,1,0,1
disease,1,0,1
disagreed,1,0,1
difficult,1,0,1
dicks,1,0,1
dick,1,0,1
diary,1,0,1
deserved,1,0,1
deserve,1,0,1
defenses,1,0,1
defeat,1,0,1
deaf,1,0,1
de,1,0,1
daytime,1,0,1
date,1,0,1
damn,1,0,1
damask,1,0,1
dads,1,0,1
cute,1,0,1
curtains,1,0,1
curtain,1,0,1
cruel,1,0,1
crashed,1,0,1
craf,1,0,1
coward,1,0,1
cow,1,0,1
correctly,1,0,1
cool,1,0,1
conversation,1,0,1
contacts,1,0,1
connection,1,0,1
confirms,1,0,1
commitment,1,0,1
color,1,0,1
chunk,1,0,1
christ,1,0,1
chip,1,0,1
chant,1,0,1
chance,1,0,1
cast,1,0,1
cash,1,0,1
carry,1,0,1
buy,1,0,1
burst,1,0,1
burp,1,0,1
built,1,0,1
bugs,1,0,1
bug,1,0,1
brown,1,0,1
bro,1,0,1
bring,1,0,1
brilliant,1,0,1
brief,1,0,1
breathing,1,0,1
breath,1,0,1
bravo,1,0,1
boy,1,0,1
bothers,1,0,1
bonnies,1,0,1
bonjour,1,0,1
blind,1,0,1
bleached,1,0,1
bleach,1,0,1
blackbox,1,0,1
bitter,1,0,1
bitten,1,0,1
bitches,1,0,1
biology,1,0,1
binding,1,0,1
betrayed,1,0,1
bernard,1,0,1
benefits,1,0,1
belong,1,0,1
begging,1,0,1
beaucoup,1,0,1
bathroom,1,0,1
basic,1,0,1
bailey,1,0,1
bag,1,0,1
backs,1,0,1
available,1,0,1
authorities,1,0,1
attitude,1,0,1
attention,1,0,1
assholes,1,0,1
asshole,1,0,1
assembly,1,0,1
arrival,1,0,1
armature,1,0,1
area,1,0,1
angeles,1,0,1
anderson,1,0,1
almanac,1,0,1
allow,1,0,1
allover,1,0,1
alert,1,0,1
aid,1,0,1
ahead,1,0,1
ages,1,0,1
accidents,1,0,1
ability,1,0,1
sarah,0,29,29
nancy,0,21,21
chris,0,17,17
shit,0,13,13
head,0,12,12
manon,0,10,10
harm,0,10,10
light,0,9,9
watchtowers,0,8,8
laura,0,8,8
guardians,0,8,8
talking,0,7,7
pay,0,7,7
bonnie,0,7,7
pathetic,0,6,6
north,0,6,6
hit,0,6,6
hate,0,6,6
fourth,0,6,6
earth,0,6,6
dad,0,6,6
spell,0,5,5
shut,0,5,5
second,0,5,5
rochelle,0,5,5
paranoid,0,5,5
money,0,5,5
happen,0,5,5
francis,0,5,5
finger,0,5,5
dead,0,5,5
air,0,5,5
weak,0,4,4
water,0,4,4
sisters,0,4,4
school,0,4,4
scars,0,4,4
red,0,4,4
move,0,4,4
mom,0,4,4
forget,0,4,4
football,0,4,4
five,0,4,4
fire,0,4,4
feather,0,4,4
enter,0,4,4
couch,0,4,4
book,0,4,4
board,0,4,4
ass,0,4,4
west,0,3,3
tv,0,3,3
surprised,0,3,3
stiff,0,3,3
south,0,3,3
somebody,0,3,3
serpent,0,3,3
reason,0,3,3
ray,0,3,3
jealous,0,3,3
heads,0,3,3
happening,0,3,3
glamour,0,3,3
exist,0,3,3
everybody,0,3,3
east,0,3,3
downs,0,3,3
devil,0,3,3
cry,0,3,3
corners,0,3,3
completely,0,3,3
comes,0,3,3
close,0,3,3
butt,0,3,3
blonde,0,3,3
bill,0,3,3
bigger,0,3,3
balance,0,3,3
worked,0,2,2
win,0,2,2
whyd,0,2,2
weirdos,0,2,2
warm,0,2,2
usually,0,2,2
unto,0,2,2
uniform,0,2,2
undo,0,2,2
twenty,0,2,2
turn,0,2,2
truth,0,2,2
throwing,0,2,2
takes,0,2,2
surprise,0,2,2
sucks,0,2,2
straight,0,2,2
storm,0,2,2
steal,0,2,2
special,0,2,2
slut,0,2,2
slit,0,2,2
size,0,2,2
salon,0,2,2
rush,0,2,2
rub,0,2,2
roof,0,2,2
rochelles,0,2,2
results,0,2,2
relaxed,0,2,2
ran,0,2,2
procedure,0,2,2
peace,0,2,2
party,0,2,2
outside,0,2,2
noninvasive,0,2,2
needle,0,2,2
nah,0,2,2
middle,0,2,2
laid,0,2,2
keeps,0,2,2
juke,0,2,2
joke,0,2,2
jerk,0,2,2
jenny,0,2,2
impressed,0,2,2
hundred,0,2,2
hooker,0,2,2
holy,0,2,2
hanging,0,2,2
goes,0,2,2
goddamn,0,2,2
glory,0,2,2
form,0,2,2
fly,0,2,2
fingers,0,2,2
father,0,2,2
far,0,2,2
especially,0,2,2
discount,0,2,2
definitely,0,2,2
deal,0,2,2
darling,0,2,2
concentrate,0,2,2
calm,0,2,2
box,0,2,2
bleeding,0,2,2
blade,0,2,2
apologize,0,2,2
aint,0,2,2
accident,0,2,2
writing,0,1,1
wrists,0,1,1
wreckage,0,1,1
wrap,0,1,1
worst,0,1,1
worship,0,1,1
wondering,0,1,1
wise,0,1,1
window,0,1,1
wind,0,1,1
wick,0,1,1
wholeness,0,1,1
whered,0,1,1
whatd,0,1,1
watching,0,1,1
warranties,0,1,1
warming,0,1,1
waah,0,1,1
voice,0,1,1
veins,0,1,1
upstairs,0,1,1
upright,0,1,1
unofficially,0,1,1
unleash,0,1,1
undoing,0,1,1
turned,0,1,1
treys,0,1,1
tremendous,0,1,1
trees,0,1,1
treating,0,1,1
treat,0,1,1
travel,0,1,1
trash,0,1,1
trail,0,1,1
tragedy,0,1,1
towels,0,1,1
totally,0,1,1
todays,0,1,1
tits,0,1,1
tiny,0,1,1
throat,0,1,1
threefold,0,1,1
therapy,0,1,1
theological,0,1,1
tempting,0,1,1
temple,0,1,1
tells,0,1,1
telling,0,1,1
taxis,0,1,1
survivors,0,1,1
survival,0,1,1
surround,0,1,1
surrender,0,1,1
superb,0,1,1
sun,0,1,1
summon,0,1,1
suits,0,1,1
suffering,0,1,1
subtle,0,1,1
stir,0,1,1
sting,0,1,1
steals,0,1,1
stare,0,1,1
standard,0,1,1
stairs,0,1,1
stadium,0,1,1
st,0,1,1
square,0,1,1
spreads,0,1,1
sprained,0,1,1
split,0,1,1
spent,0,1,1
spending,0,1,1
speak,0,1,1
spanish,0,1,1
space,0,1,1
sounded,0,1,1
song,0,1,1
somewhat,0,1,1
somethin,0,1,1
social,0,1,1
snakes,0,1,1
snake,0,1,1
snail,0,1,1
smaller,0,1,1
slick,0,1,1
sleeping,0,1,1
simpler,0,1,1
side,0,1,1
shy,0,1,1
shrunken,0,1,1
shouldve,0,1,1
shopping,0,1,1
shone,0,1,1
shitty,0,1,1
shell,0,1,1
shear,0,1,1
shark,0,1,1
shape,0,1,1
shampoo,0,1,1
severe,0,1,1
seventy,0,1,1
set,0,1,1
seriously,0,1,1
sea,0,1,1
screwing,0,1,1
screwed,0,1,1
scattered,0,1,1
save,0,1,1
saunders,0,1,1
satan,0,1,1
sarahs,0,1,1
sad,0,1,1
sack,0,1,1
rushed,0,1,1
running,0,1,1
ruler,0,1,1
rude,0,1,1
rock,0,1,1
risk,0,1,1
retrieved,0,1,1
restaurant,0,1,1
rest,0,1,1
responsible,0,1,1
respect,0,1,1
relieved,0,1,1
relatively,0,1,1
regarding,0,1,1
records,0,1,1
rearview,0,1,1
rain,0,1,1
rag,0,1,1
racist,0,1,1
puppy,0,1,1
punk,0,1,1
pulled,0,1,1
pubic,0,1,1
provisions,0,1,1
processing,0,1,1
principal,0,1,1
price,0,1,1
prayers,0,1,1
pray,0,1,1
practical,0,1,1
position,0,1,1
plays,0,1,1
playing,0,1,1
played,0,1,1
planet,0,1,1
plan,0,1,1
pipe,0,1,1
pig,0,1,1
pick,0,1,1
personally,0,1,1
pension,0,1,1
penetrates,0,1,1
peg,0,1,1
pedicure,0,1,1
passes,0,1,1
pass,0,1,1
palms,0,1,1
paid,0,1,1
oxygen,0,1,1
ooh,0,1,1
onlooker,0,1,1
oldest,0,1,1
officials,0,1,1
obsession,0,1,1
noticing,0,1,1
noticed,0,1,1
nobodys,0,1,1
nightmare,0,1,1
news,0,1,1
neighbors,0,1,1
neighborhood,0,1,1
negroids,0,1,1
nasty,0,1,1
narcissistic,0,1,1
nappy,0,1,1
nancys,0,1,1
nailed,0,1,1
mrs,0,1,1
moving,0,1,1
moves,0,1,1
mothers,0,1,1
mood,0,1,1
monster,0,1,1
mister,0,1,1
missing,0,1,1
mirror,0,1,1
mile,0,1,1
mexican,0,1,1
message,0,1,1
mays,0,1,1
mass,0,1,1
mark,0,1,1
manners,0,1,1
mammoth,0,1,1
major,0,1,1
mad,0,1,1
lying,0,1,1
luck,0,1,1
low,0,1,1
loving,0,1,1
lousiest,0,1,1
los,0,1,1
looked,0,1,1
loni,0,1,1
lizzies,0,1,1
lizzie,0,1,1
listening,0,1,1
lirio,0,1,1
lid,0,1,1
lend,0,1,1
leaves,0,1,1
learning,0,1,1
lazy,0,1,1
lays,0,1,1
la,0,1,1
knife,0,1,1
kitchen,0,1,1
kissing,0,1,1
judge,0,1,1
jock,0,1,1
jennyll,0,1,1
jacket,0,1,1
itll,0,1,1
invoking,0,1,1
investigationi,0,1,1
invention,0,1,1
invented,0,1,1
intuition,0,1,1
intensely,0,1,1
instructions,0,1,1
index,0,1,1
incredibly,0,1,1
important,0,1,1
imagine,0,1,1
illusion,0,1,1
hurting,0,1,1
humiliating,0,1,1
howre,0,1,1
honestly,0,1,1
homeroom,0,1,1
higher,0,1,1
hiding,0,1,1
hat,0,1,1
hallucinate,0,1,1
half,0,1,1
hairy,0,1,1
hairs,0,1,1
guardian,0,1,1
group,0,1,1
groove,0,1,1
grace,0,1,1
gotcha,0,1,1
global,0,1,1
gives,0,1,1
girlfriends,0,1,1
girlfriend,0,1,1
gifts,0,1,1
gift,0,1,1
genius,0,1,1
genesis,0,1,1
gene,0,1,1
full,0,1,1
fuck,0,1,1
frighten,0,1,1
friendship,0,1,1
freaking,0,1,1
four,0,1,1
forms,0,1,1
fool,0,1,1
food,0,1,1
follow,0,1,1
floors,0,1,1
floodgate,0,1,1
flooded,0,1,1
flight,0,1,1
flew,0,1,1
fills,0,1,1
fill,0,1,1
fifth,0,1,1
field,0,1,1
fault,0,1,1
fathers,0,1,1
fat,0,1,1
falling,0,1,1
faiths,0,1,1
faa,0,1,1
explains,0,1,1
experimental,0,1,1
experienced,0,1,1
expect,0,1,1
eve,0,1,1
ends,0,1,1
empty,0,1,1
effects,0,1,1
eastwick,0,1,1
drier,0,1,1
draper,0,1,1
door,0,1,1
dollars,0,1,1
doin,0,1,1
ditching,0,1,1
disgusting,0,1,1
disease,0,1,1
disagreed,0,1,1
difficult,0,1,1
dicks,0,1,1
dick,0,1,1
diary,0,1,1
deserved,0,1,1
deserve,0,1,1
defenses,0,1,1
defeat,0,1,1
deaf,0,1,1
de,0,1,1
daytime,0,1,1
date,0,1,1
damn,0,1,1
damask,0,1,1
dads,0,1,1
cute,0,1,1
curtains,0,1,1
curtain,0,1,1
cruel,0,1,1
crashed,0,1,1
craf,0,1,1
coward,0,1,1
cow,0,1,1
correctly,0,1,1
cool,0,1,1
conversation,0,1,1
contacts,0,1,1
connection,0,1,1
confirms,0,1,1
commitment,0,1,1
color,0,1,1
chunk,0,1,1
christ,0,1,1
chip,0,1,1
chant,0,1,1
chance,0,1,1
cast,0,1,1
cash,0,1,1
carry,0,1,1
buy,0,1,1
burst,0,1,1
burp,0,1,1
built,0,1,1
bugs,0,1,1
bug,0,1,1
brown,0,1,1
bro,0,1,1
bring,0,1,1
brilliant,0,1,1
brief,0,1,1
breathing,0,1,1
breath,0,1,1
bravo,0,1,1
boy,0,1,1
bothers,0,1,1
bonnies,0,1,1
bonjour,0,1,1
blind,0,1,1
bleached,0,1,1
bleach,0,1,1
blackbox,0,1,1
bitter,0,1,1
bitten,0,1,1
bitches,0,1,1
biology,0,1,1
binding,0,1,1
betrayed,0,1,1
bernard,0,1,1
benefits,0,1,1
belong,0,1,1
begging,0,1,1
beaucoup,0,1,1
bathroom,0,1,1
basic,0,1,1
bailey,0,1,1
bag,0,1,1
backs,0,1,1
available,0,1,1
authorities,0,1,1
attitude,0,1,1
attention,0,1,1
assholes,0,1,1
asshole,0,1,1
assembly,0,1,1
arrival,0,1,1
armature,0,1,1
area,0,1,1
angeles,0,1,1
anderson,0,1,1
almanac,0,1,1
allow,0,1,1
allover,0,1,1
alert,0,1,1
aid,0,1,1
ahead,0,1,1
ages,0,1,1
accidents,0,1,1
ability,0,1,1