word,The Craft,The Crucible,total
know,57,42,99
mr,2,81,83
go,44,39,83
come,30,53,83
im,56,20,76
dont,63,13,76
good,23,47,70
oh,31,37,68
god,20,47,67
think,30,24,54
devil,3,50,53
like,36,16,52
want,34,15,49
see,17,32,49
look,27,22,49
man,6,41,47
tell,9,36,45
sarah,29,13,42
ill,16,24,40
youre,31,8,39
stop,23,16,39
thats,26,11,37
give,6,25,31
shes,20,10,30
cant,18,12,30
going,22,7,29
whats,24,4,28
saw,2,26,28
please,20,8,28
love,11,16,27
take,9,17,26
sorry,25,1,26
right,23,3,26
hes,17,8,25
back,17,8,25
shall,2,22,24
mean,16,8,24
child,1,23,24
night,3,20,23
life,6,17,23
witch,8,14,22
time,5,17,22
make,10,12,22
bring,1,21,22
theyre,11,10,21
people,8,13,21
hear,8,13,21
wait,16,4,20
help,5,15,20
girls,9,11,20
didnt,19,1,20
told,5,14,19
need,14,5,19
lie,1,18,19
house,3,16,19
believe,6,12,18
put,6,11,17
away,8,9,17
woman,1,15,16
way,11,5,16
sure,7,9,16
spirit,3,13,16
power,12,4,16
maybe,15,1,16
made,5,11,16
little,14,2,16
thought,9,6,15
ive,5,10,15
home,9,6,15
girl,6,9,15
fear,2,13,15
seen,2,12,14
light,9,5,14
keep,5,9,14
head,12,2,14
harm,10,4,14
world,1,12,13
judge,1,12,13
hell,4,9,13
hang,3,10,13
book,4,9,13
yes,8,4,12
work,3,9,12
understand,8,4,12
three,8,4,12
thee,9,3,12
speak,1,11,12
sit,4,8,12
kill,6,6,12
heart,3,9,12
dead,5,7,12
saying,8,3,11
powers,10,1,11
leave,5,6,11
eyes,4,7,11
came,3,8,11
call,6,5,11
black,3,8,11
youll,2,8,10
truth,2,8,10
thing,7,3,10
talking,7,3,10
open,2,8,10
morning,1,9,10
lets,9,1,10
gone,3,7,10
friends,4,6,10
find,3,7,10
feel,8,2,10
doing,8,2,10
turn,2,7,9
times,7,2,9
theres,4,5,9
satan,1,8,9
run,4,5,9
mother,5,4,9
hurt,2,7,9
hold,6,3,9
heard,2,7,9
fine,8,1,9
end,4,5,9
comes,3,6,9
better,6,3,9
bad,6,3,9
ask,4,5,9
working,7,1,8
witches,2,6,8
wish,1,7,8
touch,5,3,8
things,6,2,8
thank,3,5,8
save,1,7,8
place,4,4,8
move,4,4,8
money,5,3,8
looking,7,1,8
listen,6,2,8
francis,5,3,8
fire,4,4,8
day,3,5,8
coming,4,4,8
cause,5,3,8
called,3,5,8
air,5,3,8
two,1,6,7
trying,6,1,7
true,3,4,7
today,3,4,7
stay,6,1,7
shut,5,2,7
send,1,6,7
peace,2,5,7
north,6,1,7
needle,2,5,7
makes,4,3,7
hate,6,1,7
hard,2,5,7
hand,2,5,7
great,5,2,7
father,2,5,7
enter,4,3,7
earth,6,1,7
doesnt,6,1,7
body,3,4,7
big,6,1,7
bed,2,5,7
beautiful,6,1,7
answer,1,6,7
wanted,4,2,6
tried,2,4,6
tonight,2,4,6
thy,1,5,6
thinking,4,2,6
spell,5,1,6
soon,1,5,6
read,5,1,6
pretty,5,1,6
pray,1,5,6
mister,1,5,6
mind,4,2,6
meeting,1,5,6
matter,5,1,6
mark,1,5,6
jesus,3,3,6
inside,5,1,6
glory,2,4,6
forget,4,2,6
finger,5,1,6
face,1,5,6
daughter,1,5,6
cry,3,3,6
youve,1,4,5
window,1,4,5
wind,1,4,5
whos,4,1,5
whore,1,4,5
white,3,2,5
water,4,1,5
unto,2,3,5
tomorrow,2,3,5
sweet,2,3,5
strange,1,4,5
somewhat,1,4,5
show,3,2,5
sea,1,4,5
room,3,2,5
remember,3,2,5
red,4,1,5
practice,4,1,5
old,2,3,5
natural,3,2,5
lay,1,4,5
knows,1,4,5
known,1,4,5
keeps,2,3,5
id,2,3,5
holy,2,3,5
high,1,4,5
heavy,3,2,5
hanging,2,3,5
gave,3,2,5
flying,3,2,5
fly,2,3,5
drink,4,1,5
damn,1,4,5
course,3,2,5
close,3,2,5
bye,4,1,5
board,4,1,5
bind,4,1,5
wonder,1,3,4
walk,2,2,4
throat,1,3,4
straight,2,2,4
spells,3,1,4
sort,1,3,4
sleep,2,2,4
shell,1,3,4
running,1,3,4
reading,1,3,4
reach,2,2,4
questions,1,3,4
new,3,1,4
neighbors,1,3,4
mine,2,2,4
mad,1,3,4
loved,2,2,4
long,1,3,4
late,3,1,4
having,3,1,4
goes,2,2,4
fall,2,2,4
crazy,3,1,4
couldnt,2,2,4
clear,1,3,4
anymore,1,3,4
afraid,3,1,4
youd,2,1,3
women,1,2,3
weve,2,1,3
week,1,2,3
waiting,2,1,3
telling,1,2,3
taking,1,2,3
steal,2,1,3
set,1,2,3
saved,1,2,3
safe,1,2,3
roof,2,1,3
rest,1,2,3
quiet,1,2,3
poor,1,2,3
part,1,2,3
news,1,2,3
nailed,1,2,3
middle,2,1,3
learn,2,1,3
isnt,2,1,3
hurting,1,2,3
huh,2,1,3
hour,2,1,3
havent,2,1,3
grace,1,2,3
given,1,2,3
gift,1,2,3
found,2,1,3
fingers,2,1,3
dream,2,1,3
door,1,2,3
company,1,2,3
cast,1,2,3
buy,1,2,3
baby,2,1,3
arm,1,2,3
ago,1,2,3
writing,1,1,2
whores,1,1,2
whoa,1,1,2
wear,1,1,2
wasnt,1,1,2
upright,1,1,2
uh,1,1,2
turns,1,1,2
turned,1,1,2
trees,1,1,2
tempting,1,1,2
teach,1,1,2
sun,1,1,2
suffer,1,1,2
strong,1,1,2
sister,1,1,2
shape,1,1,2
prayers,1,1,2
possible,1,1,2
pick,1,1,2
person,1,1,2
pass,1,1,2
noticed,1,1,2
needs,1,1,2
mrs,1,1,2
moving,1,1,2
lying,1,1,2
live,1,1,2
lend,1,1,2
learning,1,1,2
lazy,1,1,2
illusion,1,1,2
hiding,1,1,2
happy,1,1,2
full,1,1,2
four,1,1,2
food,1,1,2
follow,1,1,2
flew,1,1,2
field,1,1,2
feet,1,1,2
fault,1,1,2
expect,1,1,2
dark,1,1,2
connection,1,1,2
burn,1,1,2
built,1,1,2
breath,1,1,2
blind,1,1,2
belong,1,1,2
bag,1,1,2
backs,1,1,2
allow,1,1,2
ahead,1,1,2
yeah,42,0,42
really,26,0,26
okay,21,0,21
nancy,21,0,21
guys,18,0,18
chris,17,0,17
gonna,15,0,15
shit,13,0,13
manon,10,0,10
invoke,10,0,10
nice,9,0,9
hi,9,0,9
watchtowers,8,0,8
magic,8,0,8
laura,8,0,8
honey,8,0,8
hail,8,0,8
guardians,8,0,8
pay,7,0,7
happened,7,0,7
bonnie,7,0,7
weird,6,0,6
watch,6,0,6
pathetic,6,0,6
killed,6,0,6
hit,6,0,6
fourth,6,0,6
dad,6,0,6
circle,6,0,6
wrong,5,0,5
second,5,0,5
rochelle,5,0,5
real,5,0,5
paranoid,5,0,5
happen,5,0,5
hair,5,0,5
gotta,5,0,5
connie,5,0,5
bitch,5,0,5
weak,4,0,4
try,4,0,4
tricky,4,0,4
talk,4,0,4
supposed,4,0,4
stuff,4,0,4
sisters,4,0,4
school,4,0,4
scars,4,0,4
scared,4,0,4
san,4,0,4
perfect,4,0,4
mom,4,0,4
lights,4,0,4
hello,4,0,4
getting,4,0,4
francisco,4,0,4
football,4,0,4
five,4,0,4
feather,4,0,4
couch,4,0,4
ass,4,0,4
arent,4,0,4
actually,4,0,4
west,3,0,3
use,3,0,3
tv,3,0,3
surprised,3,0,3
stiff,3,0,3
south,3,0,3
somebody,3,0,3
serpent,3,0,3
relax,3,0,3
reason,3,0,3
ready,3,0,3
ray,3,0,3
nature,3,0,3
looks,3,0,3
jealous,3,0,3
hows,3,0,3
heads,3,0,3
happening,3,0,3
guy,3,0,3
guess,3,0,3
glamour,3,0,3
funny,3,0,3
exist,3,0,3
everybody,3,0,3
east,3,0,3
downs,3,0,3
deep,3,0,3
corners,3,0,3
completely,3,0,3
car,3,0,3
butt,3,0,3
blonde,3,0,3
bill,3,0,3
bigger,3,0,3
balance,3,0,3
apartment,3,0,3
worked,2,0,2
win,2,0,2
whyd,2,0,2
weirdos,2,0,2
ways,2,0,2
warm,2,0,2
wanna,2,0,2
usually,2,0,2
used,2,0,2
uniform,2,0,2
undo,2,0,2
underneath,2,0,2
twenty,2,0,2
trust,2,0,2
throwing,2,0,2
thanks,2,0,2
takes,2,0,2
surprise,2,0,2
sucks,2,0,2
storm,2,0,2
started,2,0,2
special,2,0,2
slut,2,0,2
slit,2,0,2
size,2,0,2
scary,2,0,2
salon,2,0,2
rush,2,0,2
rub,2,0,2
rochelles,2,0,2
results,2,0,2
relaxed,2,0,2
ran,2,0,2
procedure,2,0,2
powerful,2,0,2
policy,2,0,2
play,2,0,2
plane,2,0,2
phone,2,0,2
party,2,0,2
outside,2,0,2
noninvasive,2,0,2
nah,2,0,2
minute,2,0,2
lot,2,0,2
later,2,0,2
laid,2,0,2
kind,2,0,2
juke,2,0,2
joke,2,0,2
jerk,2,0,2
jenny,2,0,2
impressed,2,0,2
hundred,2,0,2
howd,2,0,2
hot,2,0,2
hooker,2,0,2
green,2,0,2
goddamn,2,0,2
form,2,0,2
feeling,2,0,2
far,2,0,2
experience,2,0,2
especially,2,0,2
dreams,2,0,2
discount,2,0,2
dinner,2,0,2
definitely,2,0,2
deal,2,0,2
days,2,0,2
darling,2,0,2
concentrate,2,0,2
calm,2,0,2
busy,2,0,2
box,2,0,2
blessed,2,0,2
bleeding,2,0,2
blade,2,0,2
apologize,2,0,2
anyway,2,0,2
amazing,2,0,2
aint,2,0,2
accident,2,0,2
write,1,0,1
wrists,1,0,1
wreckage,1,0,1
wrap,1,0,1
wow,1,0,1
wouldnt,1,0,1
worst,1,0,1
worship,1,0,1
wont,1,0,1
wondering,1,0,1
wonderful,1,0,1
wise,1,0,1
wick,1,0,1
wholeness,1,0,1
whered,1,0,1
whatd,1,0,1
watching,1,0,1
warranties,1,0,1
warming,1,0,1
waah,1,0,1
voice,1,0,1
view,1,0,1
veins,1,0,1
upstairs,1,0,1
unofficially,1,0,1
unleash,1,0,1
undoing,1,0,1
trip,1,0,1
treys,1,0,1
tremendous,1,0,1
treating,1,0,1
treat,1,0,1
travel,1,0,1
trash,1,0,1
trail,1,0,1
tragedy,1,0,1
towels,1,0,1
totally,1,0,1
todays,1,0,1
tits,1,0,1
tiny,1,0,1
threefold,1,0,1
thoughts,1,0,1
theyd,1,0,1
therapy,1,0,1
theological,1,0,1
temple,1,0,1
tells,1,0,1
taxis,1,0,1
suspect,1,0,1
survivors,1,0,1
survival,1,0,1
surround,1,0,1
surrender,1,0,1
superb,1,0,1
summon,1,0,1
suits,1,0,1
suffering,1,0,1
subtle,1,0,1
stupid,1,0,1
story,1,0,1
stir,1,0,1
sting,1,0,1
stepford,1,0,1
steals,1,0,1
starts,1,0,1
start,1,0,1
stare,1,0,1
standard,1,0,1
stairs,1,0,1
stadium,1,0,1
st,1,0,1
square,1,0,1
spreads,1,0,1
sprained,1,0,1
split,1,0,1
spiritual,1,0,1
spent,1,0,1
spending,1,0,1
spanish,1,0,1
space,1,0,1
sounded,1,0,1
song,1,0,1
somethin,1,0,1
social,1,0,1
snakes,1,0,1
snake,1,0,1
snail,1,0,1
smaller,1,0,1
slick,1,0,1
sleeping,1,0,1
simpler,1,0,1
side,1,0,1
shy,1,0,1
shrunken,1,0,1
shouldve,1,0,1
shopping,1,0,1
shone,1,0,1
shitty,1,0,1
shear,1,0,1
sharp,1,0,1
shark,1,0,1
shampoo,1,0,1
severe,1,0,1
seventy,1,0,1
seriously,1,0,1
sell,1,0,1
seeing,1,0,1
seat,1,0,1
screwing,1,0,1
screwed,1,0,1
scattered,1,0,1
saunders,1,0,1
sarahs,1,0,1
sad,1,0,1
sack,1,0,1
rushed,1,0,1
ruler,1,0,1
rude,1,0,1
rocks,1,0,1
rock,1,0,1
risk,1,0,1
ring,1,0,1
retrieved,1,0,1
restaurant,1,0,1
responsible,1,0,1
respect,1,0,1
relieved,1,0,1
relatively,1,0,1
regarding,1,0,1
records,1,0,1
rearview,1,0,1
rain,1,0,1
rag,1,0,1
racist,1,0,1
puppy,1,0,1
punk,1,0,1
pulled,1,0,1
pubic,1,0,1
provisions,1,0,1
processing,1,0,1
probably,1,0,1
principal,1,0,1
price,1,0,1
practical,1,0,1
position,1,0,1
pool,1,0,1
police,1,0,1
plays,1,0,1
playing,1,0,1
played,1,0,1
planet,1,0,1
plan,1,0,1
pipe,1,0,1
pig,1,0,1
pieces,1,0,1
personally,1,0,1
personal,1,0,1
pension,1,0,1
penetrates,1,0,1
peg,1,0,1
pedicure,1,0,1
passes,1,0,1
palms,1,0,1
painful,1,0,1
paid,1,0,1
oxygen,1,0,1
ooh,1,0,1
onlooker,1,0,1
ones,1,0,1
oldest,1,0,1
older,1,0,1
officials,1,0,1
obsession,1,0,1
noticing,1,0,1
nobodys,1,0,1
nightmare,1,0,1
neighborhood,1,0,1
negroids,1,0,1
nasty,1,0,1
narcissistic,1,0,1
nappy,1,0,1
nancys,1,0,1
moves,1,0,1
mothers,1,0,1
moon,1,0,1
mood,1,0,1
monster,1,0,1
missing,1,0,1
miss,1,0,1
mirror,1,0,1
mile,1,0,1
mexican,1,0,1
message,1,0,1
mays,1,0,1
mass,1,0,1
manners,1,0,1
mammoth,1,0,1
major,1,0,1
magical,1,0,1
luck,1,0,1
low,1,0,1
loving,1,0,1
lousiest,1,0,1
los,1,0,1
looked,1,0,1
loni,1,0,1
lizzies,1,0,1
lizzie,1,0,1
listening,1,0,1
lirio,1,0,1
liked,1,0,1
lid,1,0,1
letting,1,0,1
leaving,1,0,1
leaves,1,0,1
lays,1,0,1
lady,1,0,1
lab,1,0,1
la,1,0,1
knife,1,0,1
kitchen,1,0,1
kissing,1,0,1
kids,1,0,1
jock,1,0,1
jennyll,1,0,1
jacket,1,0,1
itll,1,0,1
invoking,1,0,1
investigationi,1,0,1
invention,1,0,1
invented,1,0,1
intuition,1,0,1
interrupt,1,0,1
interesting,1,0,1
intensely,1,0,1
instructions,1,0,1
index,1,0,1
incredibly,1,0,1
important,1,0,1
imagine,1,0,1
idea,1,0,1
humiliating,1,0,1
howre,1,0,1
honestly,1,0,1
homeroom,1,0,1
hole,1,0,1
hmm,1,0,1
higher,1,0,1
hey,1,0,1
helped,1,0,1
hat,1,0,1
hallucinate,1,0,1
half,1,0,1
hairy,1,0,1
hairs,1,0,1
guardian,1,0,1
group,1,0,1
ground,1,0,1
gross,1,0,1
groove,1,0,1
gotcha,1,0,1
global,1,0,1
glad,1,0,1
gives,1,0,1
girlfriends,1,0,1
girlfriend,1,0,1
gifts,1,0,1
genius,1,0,1
genesis,1,0,1
gene,1,0,1
gathering,1,0,1
games,1,0,1
game,1,0,1
fun,1,0,1
fuck,1,0,1
frighten,1,0,1
friendship,1,0,1
french,1,0,1
freaking,1,0,1
forms,1,0,1
fool,1,0,1
focus,1,0,1
flowing,1,0,1
floors,1,0,1
floodgate,1,0,1
flooded,1,0,1
flight,1,0,1
fixed,1,0,1
fills,1,0,1
fill,1,0,1
fifth,1,0,1
felt,1,0,1
fathers,1,0,1
fat,1,0,1
falling,1,0,1
faiths,1,0,1
faa,1,0,1
explains,1,0,1
experimental,1,0,1
experienced,1,0,1
excuse,1,0,1
exactly,1,0,1
eve,1,0,1
ends,1,0,1
empty,1,0,1
effects,1,0,1
eat,1,0,1
eastwick,1,0,1
drier,1,0,1
draper,1,0,1
dollars,1,0,1
doin,1,0,1
ditching,1,0,1
disgusting,1,0,1
disease,1,0,1
disagreed,1,0,1
difficult,1,0,1
different,1,0,1
died,1,0,1
dicks,1,0,1
dick,1,0,1
diary,1,0,1
details,1,0,1
deserved,1,0,1
deserve,1,0,1
defenses,1,0,1
defeat,1,0,1
deaf,1,0,1
de,1,0,1
daytime,1,0,1
date,1,0,1
dangerous,1,0,1
damask,1,0,1
dads,1,0,1
cute,1,0,1
curtains,1,0,1
curtain,1,0,1
cruel,1,0,1
crashed,1,0,1
crash,1,0,1
craf,1,0,1
coward,1,0,1
cow,1,0,1
coven,1,0,1
correctly,1,0,1
cool,1,0,1
conversation,1,0,1
control,1,0,1
contacts,1,0,1
confirms,1,0,1
concentrating,1,0,1
commitment,1,0,1
color,1,0,1
coffee,1,0,1
clean,1,0,1
class,1,0,1
city,1,0,1
chunk,1,0,1
christ,1,0,1
chip,1,0,1
check,1,0,1
chant,1,0,1
chance,1,0,1
challenge,1,0,1
cash,1,0,1
carry,1,0,1
careful,1,0,1
care,1,0,1
candles,1,0,1
calls,1,0,1
burst,1,0,1
burp,1,0,1
bugs,1,0,1
bug,1,0,1
brush,1,0,1
brown,1,0,1
bro,1,0,1
brilliant,1,0,1
brief,1,0,1
breathing,1,0,1
bravo,1,0,1
boy,1,0,1
bothers,1,0,1
bonnies,1,0,1
bonjour,1,0,1
bleached,1,0,1
bleach,1,0,1
blackbox,1,0,1
bitter,1,0,1
bitten,1,0,1
bitches,1,0,1
biology,1,0,1
binding,1,0,1
betrayed,1,0,1
bet,1,0,1
bernard,1,0,1
benefits,1,0,1
begging,1,0,1
bedroom,1,0,1
beauty,1,0,1
beaucoup,1,0,1
bathroom,1,0,1
basic,1,0,1
bailey,1,0,1
available,1,0,1
authorities,1,0,1
attitude,1,0,1
attention,1,0,1
assholes,1,0,1
asshole,1,0,1
assembly,1,0,1
arrival,1,0,1
armature,1,0,1
area,1,0,1
anyways,1,0,1
anybody,1,0,1
animals,1,0,1
angeles,1,0,1
anderson,1,0,1
ancient,1,0,1
almanac,1,0,1
allover,1,0,1
alert,1,0,1
aid,1,0,1
ages,1,0,1
act,1,0,1
accidents,1,0,1
abused,1,0,1
ability,1,0,1
yeah,0,42,42
really,0,26,26
okay,0,21,21
nancy,0,21,21
guys,0,18,18
chris,0,17,17
gonna,0,15,15
shit,0,13,13
manon,0,10,10
invoke,0,10,10
nice,0,9,9
hi,0,9,9
watchtowers,0,8,8
magic,0,8,8
laura,0,8,8
honey,0,8,8
hail,0,8,8
guardians,0,8,8
pay,0,7,7
happened,0,7,7
bonnie,0,7,7
weird,0,6,6
watch,0,6,6
pathetic,0,6,6
killed,0,6,6
hit,0,6,6
fourth,0,6,6
dad,0,6,6
circle,0,6,6
wrong,0,5,5
second,0,5,5
rochelle,0,5,5
real,0,5,5
paranoid,0,5,5
happen,0,5,5
hair,0,5,5
gotta,0,5,5
connie,0,5,5
bitch,0,5,5
weak,0,4,4
try,0,4,4
tricky,0,4,4
talk,0,4,4
supposed,0,4,4
stuff,0,4,4
sisters,0,4,4
school,0,4,4
scars,0,4,4
scared,0,4,4
san,0,4,4
perfect,0,4,4
mom,0,4,4
lights,0,4,4
hello,0,4,4
getting,0,4,4
francisco,0,4,4
football,0,4,4
five,0,4,4
feather,0,4,4
couch,0,4,4
ass,0,4,4
arent,0,4,4
actually,0,4,4
west,0,3,3
use,0,3,3
tv,0,3,3
surprised,0,3,3
stiff,0,3,3
south,0,3,3
somebody,0,3,3
serpent,0,3,3
relax,0,3,3
reason,0,3,3
ready,0,3,3
ray,0,3,3
nature,0,3,3
looks,0,3,3
jealous,0,3,3
hows,0,3,3
heads,0,3,3
happening,0,3,3
guy,0,3,3
guess,0,3,3
glamour,0,3,3
funny,0,3,3
exist,0,3,3
everybody,0,3,3
east,0,3,3
downs,0,3,3
deep,0,3,3
corners,0,3,3
completely,0,3,3
car,0,3,3
butt,0,3,3
blonde,0,3,3
bill,0,3,3
bigger,0,3,3
balance,0,3,3
apartment,0,3,3
worked,0,2,2
win,0,2,2
whyd,0,2,2
weirdos,0,2,2
ways,0,2,2
warm,0,2,2
wanna,0,2,2
usually,0,2,2
used,0,2,2
uniform,0,2,2
undo,0,2,2
underneath,0,2,2
twenty,0,2,2
trust,0,2,2
throwing,0,2,2
thanks,0,2,2
takes,0,2,2
surprise,0,2,2
sucks,0,2,2
storm,0,2,2
started,0,2,2
special,0,2,2
slut,0,2,2
slit,0,2,2
size,0,2,2
scary,0,2,2
salon,0,2,2
rush,0,2,2
rub,0,2,2
rochelles,0,2,2
results,0,2,2
relaxed,0,2,2
ran,0,2,2
procedure,0,2,2
powerful,0,2,2
policy,0,2,2
play,0,2,2
plane,0,2,2
phone,0,2,2
party,0,2,2
outside,0,2,2
noninvasive,0,2,2
nah,0,2,2
minute,0,2,2
lot,0,2,2
later,0,2,2
laid,0,2,2
kind,0,2,2
juke,0,2,2
joke,0,2,2
jerk,0,2,2
jenny,0,2,2
impressed,0,2,2
hundred,0,2,2
howd,0,2,2
hot,0,2,2
hooker,0,2,2
green,0,2,2
goddamn,0,2,2
form,0,2,2
feeling,0,2,2
far,0,2,2
experience,0,2,2
especially,0,2,2
dreams,0,2,2
discount,0,2,2
dinner,0,2,2
definitely,0,2,2
deal,0,2,2
days,0,2,2
darling,0,2,2
concentrate,0,2,2
calm,0,2,2
busy,0,2,2
box,0,2,2
blessed,0,2,2
bleeding,0,2,2
blade,0,2,2
apologize,0,2,2
anyway,0,2,2
amazing,0,2,2
aint,0,2,2
accident,0,2,2
write,0,1,1
wrists,0,1,1
wreckage,0,1,1
wrap,0,1,1
wow,0,1,1
wouldnt,0,1,1
worst,0,1,1
worship,0,1,1
wont,0,1,1
wondering,0,1,1
wonderful,0,1,1
wise,0,1,1
wick,0,1,1
wholeness,0,1,1
whered,0,1,1
whatd,0,1,1
watching,0,1,1
warranties,0,1,1
warming,0,1,1
waah,0,1,1
voice,0,1,1
view,0,1,1
veins,0,1,1
upstairs,0,1,1
unofficially,0,1,1
unleash,0,1,1
undoing,0,1,1
trip,0,1,1
treys,0,1,1
tremendous,0,1,1
treating,0,1,1
treat,0,1,1
travel,0,1,1
trash,0,1,1
trail,0,1,1
tragedy,0,1,1
towels,0,1,1
totally,0,1,1
todays,0,1,1
tits,0,1,1
tiny,0,1,1
threefold,0,1,1
thoughts,0,1,1
theyd,0,1,1
therapy,0,1,1
theological,0,1,1
temple,0,1,1
tells,0,1,1
taxis,0,1,1
suspect,0,1,1
survivors,0,1,1
survival,0,1,1
surround,0,1,1
surrender,0,1,1
superb,0,1,1
summon,0,1,1
suits,0,1,1
suffering,0,1,1
subtle,0,1,1
stupid,0,1,1
story,0,1,1
stir,0,1,1
sting,0,1,1
stepford,0,1,1
steals,0,1,1
starts,0,1,1
start,0,1,1
stare,0,1,1
standard,0,1,1
stairs,0,1,1
stadium,0,1,1
st,0,1,1
square,0,1,1
spreads,0,1,1
sprained,0,1,1
split,0,1,1
spiritual,0,1,1
spent,0,1,1
spending,0,1,1
spanish,0,1,1
space,0,1,1
sounded,0,1,1
song,0,1,1
somethin,0,1,1
social,0,1,1
snakes,0,1,1
snake,0,1,1
snail,0,1,1
smaller,0,1,1
slick,0,1,1
sleeping,0,1,1
simpler,0,1,1
side,0,1,1
shy,0,1,1
shrunken,0,1,1
shouldve,0,1,1
shopping,0,1,1
shone,0,1,1
shitty,0,1,1
shear,0,1,1
sharp,0,1,1
shark,0,1,1
shampoo,0,1,1
severe,0,1,1
seventy,0,1,1
seriously,0,1,1
sell,0,1,1
seeing,0,1,1
seat,0,1,1
screwing,0,1,1
screwed,0,1,1
scattered,0,1,1
saunders,0,1,1
sarahs,0,1,1
sad,0,1,1
sack,0,1,1
rushed,0,1,1
ruler,0,1,1
rude,0,1,1
rocks,0,1,1
rock,0,1,1
risk,0,1,1
ring,0,1,1
retrieved,0,1,1
restaurant,0,1,1
responsible,0,1,1
respect,0,1,1
relieved,0,1,1
relatively,0,1,1
regarding,0,1,1
records,0,1,1
rearview,0,1,1
rain,0,1,1
rag,0,1,1
racist,0,1,1
puppy,0,1,1
punk,0,1,1
pulled,0,1,1
pubic,0,1,1
provisions,0,1,1
processing,0,1,1
probably,0,1,1
principal,0,1,1
price,0,1,1
practical,0,1,1
position,0,1,1
pool,0,1,1
police,0,1,1
plays,0,1,1
playing,0,1,1
played,0,1,1
planet,0,1,1
plan,0,1,1
pipe,0,1,1
pig,0,1,1
pieces,0,1,1
personally,0,1,1
personal,0,1,1
pension,0,1,1
penetrates,0,1,1
peg,0,1,1
pedicure,0,1,1
passes,0,1,1
palms,0,1,1
painful,0,1,1
paid,0,1,1
oxygen,0,1,1
ooh,0,1,1
onlooker,0,1,1
ones,0,1,1
oldest,0,1,1
older,0,1,1
officials,0,1,1
obsession,0,1,1
noticing,0,1,1
nobodys,0,1,1
nightmare,0,1,1
neighborhood,0,1,1
negroids,0,1,1
nasty,0,1,1
narcissistic,0,1,1
nappy,0,1,1
nancys,0,1,1
moves,0,1,1
mothers,0,1,1
moon,0,1,1
mood,0,1,1
monster,0,1,1
missing,0,1,1
miss,0,1,1
mirror,0,1,1
mile,0,1,1
mexican,0,1,1
message,0,1,1
mays,0,1,1
mass,0,1,1
manners,0,1,1
mammoth,0,1,1
major,0,1,1
magical,0,1,1
luck,0,1,1
low,0,1,1
loving,0,1,1
lousiest,0,1,1
los,0,1,1
looked,0,1,1
loni,0,1,1
lizzies,0,1,1
lizzie,0,1,1
listening,0,1,1
lirio,0,1,1
liked,0,1,1
lid,0,1,1
letting,0,1,1
leaving,0,1,1
leaves,0,1,1
lays,0,1,1
lady,0,1,1
lab,0,1,1
la,0,1,1
knife,0,1,1
kitchen,0,1,1
kissing,0,1,1
kids,0,1,1
jock,0,1,1
jennyll,0,1,1
jacket,0,1,1
itll,0,1,1
invoking,0,1,1
investigationi,0,1,1
invention,0,1,1
invented,0,1,1
intuition,0,1,1
interrupt,0,1,1
interesting,0,1,1
intensely,0,1,1
instructions,0,1,1
index,0,1,1
incredibly,0,1,1
important,0,1,1
imagine,0,1,1
idea,0,1,1
humiliating,0,1,1
howre,0,1,1
honestly,0,1,1
homeroom,0,1,1
hole,0,1,1
hmm,0,1,1
higher,0,1,1
hey,0,1,1
helped,0,1,1
hat,0,1,1
hallucinate,0,1,1
half,0,1,1
hairy,0,1,1
hairs,0,1,1
guardian,0,1,1
group,0,1,1
ground,0,1,1
gross,0,1,1
groove,0,1,1
gotcha,0,1,1
global,0,1,1
glad,0,1,1
gives,0,1,1
girlfriends,0,1,1
girlfriend,0,1,1
gifts,0,1,1
genius,0,1,1
genesis,0,1,1
gene,0,1,1
gathering,0,1,1
games,0,1,1
game,0,1,1
fun,0,1,1
fuck,0,1,1
frighten,0,1,1
friendship,0,1,1
french,0,1,1
freaking,0,1,1
forms,0,1,1
fool,0,1,1
focus,0,1,1
flowing,0,1,1
floors,0,1,1
floodgate,0,1,1
flooded,0,1,1
flight,0,1,1
fixed,0,1,1
fills,0,1,1
fill,0,1,1
fifth,0,1,1
felt,0,1,1
fathers,0,1,1
fat,0,1,1
falling,0,1,1
faiths,0,1,1
faa,0,1,1
explains,0,1,1
experimental,0,1,1
experienced,0,1,1
excuse,0,1,1
exactly,0,1,1
eve,0,1,1
ends,0,1,1
empty,0,1,1
effects,0,1,1
eat,0,1,1
eastwick,0,1,1
drier,0,1,1
draper,0,1,1
dollars,0,1,1
doin,0,1,1
ditching,0,1,1
disgusting,0,1,1
disease,0,1,1
disagreed,0,1,1
difficult,0,1,1
different,0,1,1
died,0,1,1
dicks,0,1,1
dick,0,1,1
diary,0,1,1
details,0,1,1
deserved,0,1,1
deserve,0,1,1
defenses,0,1,1
defeat,0,1,1
deaf,0,1,1
de,0,1,1
daytime,0,1,1
date,0,1,1
dangerous,0,1,1
damask,0,1,1
dads,0,1,1
cute,0,1,1
curtains,0,1,1
curtain,0,1,1
cruel,0,1,1
crashed,0,1,1
crash,0,1,1
craf,0,1,1
coward,0,1,1
cow,0,1,1
coven,0,1,1
correctly,0,1,1
cool,0,1,1
conversation,0,1,1
control,0,1,1
contacts,0,1,1
confirms,0,1,1
concentrating,0,1,1
commitment,0,1,1
color,0,1,1
coffee,0,1,1
clean,0,1,1
class,0,1,1
city,0,1,1
chunk,0,1,1
christ,0,1,1
chip,0,1,1
check,0,1,1
chant,0,1,1
chance,0,1,1
challenge,0,1,1
cash,0,1,1
carry,0,1,1
careful,0,1,1
care,0,1,1
candles,0,1,1
calls,0,1,1
burst,0,1,1
burp,0,1,1
bugs,0,1,1
bug,0,1,1
brush,0,1,1
brown,0,1,1
bro,0,1,1
brilliant,0,1,1
brief,0,1,1
breathing,0,1,1
bravo,0,1,1
boy,0,1,1
bothers,0,1,1
bonnies,0,1,1
bonjour,0,1,1
bleached,0,1,1
bleach,0,1,1
blackbox,0,1,1
bitter,0,1,1
bitten,0,1,1
bitches,0,1,1
biology,0,1,1
binding,0,1,1
betrayed,0,1,1
bet,0,1,1
bernard,0,1,1
benefits,0,1,1
begging,0,1,1
bedroom,0,1,1
beauty,0,1,1
beaucoup,0,1,1
bathroom,0,1,1
basic,0,1,1
bailey,0,1,1
available,0,1,1
authorities,0,1,1
attitude,0,1,1
attention,0,1,1
assholes,0,1,1
asshole,0,1,1
assembly,0,1,1
arrival,0,1,1
armature,0,1,1
area,0,1,1
anyways,0,1,1
anybody,0,1,1
animals,0,1,1
angeles,0,1,1
anderson,0,1,1
ancient,0,1,1
almanac,0,1,1
allover,0,1,1
alert,0,1,1
aid,0,1,1
ages,0,1,1
act,0,1,1
accidents,0,1,1
abused,0,1,1
ability,0,1,1