word,The Craft,I Married a Witch,total
dont,63,44,107
im,56,48,104
know,57,33,90
oh,31,51,82
like,36,45,81
want,34,44,78
go,44,30,74
ill,16,56,72
youre,31,37,68
good,23,42,65
see,17,44,61
thats,26,31,57
going,22,31,53
come,30,21,51
think,30,19,49
right,23,26,49
yeah,42,5,47
love,11,36,47
look,27,20,47
yes,8,37,45
whats,24,20,44
father,2,39,41
cant,18,20,38
sorry,25,10,35
didnt,19,16,35
back,17,16,33
really,26,6,32
make,10,22,32
ive,5,27,32
people,8,23,31
little,14,17,31
shes,20,10,30
please,20,10,30
way,11,18,29
stop,23,6,29
man,6,23,29
hes,17,12,29
witch,8,20,28
fire,4,23,27
tell,9,17,26
take,9,17,26
thought,9,16,25
better,6,18,24
nancy,21,2,23
wait,16,6,22
okay,21,1,22
girl,6,16,22
mean,16,5,21
god,20,1,21
night,3,17,20
maybe,15,5,20
theres,4,15,19
need,14,5,19
mr,2,17,19
lets,9,10,19
time,5,13,18
theyre,11,7,18
thee,9,9,18
head,12,6,18
gonna,15,3,18
away,8,10,18
remember,3,14,17
darling,2,15,17
thy,1,15,16
happened,7,9,16
give,6,10,16
youll,2,13,15
tomorrow,2,13,15
power,12,3,15
nice,9,6,15
hear,8,7,15
told,5,9,14
sure,7,7,14
home,9,5,14
fine,8,6,14
youve,1,12,13
woman,1,12,13
three,8,5,13
things,6,7,13
talking,7,6,13
stay,6,7,13
matter,5,8,13
listen,6,7,13
light,9,4,13
id,2,11,13
help,5,8,13
feel,8,5,13
drink,4,9,13
door,1,12,13
doesnt,6,7,13
two,1,11,12
thing,7,5,12
mind,4,8,12
hold,6,6,12
girls,9,3,12
course,3,9,12
bye,4,8,12
body,3,9,12
big,6,6,12
believe,6,6,12
wrong,5,6,11
understand,8,3,11
tonight,2,9,11
thank,3,8,11
saying,8,3,11
put,6,5,11
powers,10,1,11
house,3,8,11
harm,10,1,11
happen,5,6,11
hand,2,9,11
getting,4,7,11
doing,8,3,11
day,3,8,11
call,6,5,11
bad,6,5,11
youd,2,8,10
wouldnt,1,9,10
uh,1,9,10
try,4,6,10
shut,5,5,10
pretty,5,5,10
pay,7,3,10
new,3,7,10
mother,5,5,10
morning,1,9,10
life,6,4,10
leave,5,5,10
keep,5,5,10
isnt,2,8,10
great,5,5,10
dead,5,5,10
afraid,3,7,10
water,4,5,9
voice,1,8,9
trying,6,3,9
times,7,2,9
second,5,4,9
room,3,6,9
magic,8,1,9
looking,7,2,9
hmm,1,8,9
close,3,6,9
beautiful,6,3,9
working,7,1,8
talk,4,4,8
saw,2,6,8
quiet,1,7,8
made,5,3,8
looks,3,5,8
killed,6,2,8
hit,6,2,8
hair,5,3,8
guess,3,5,8
came,3,5,8
arent,4,4,8
wish,1,6,7
whos,4,3,7
watch,6,1,7
wanted,4,3,7
waiting,2,5,7
touch,5,2,7
spell,5,2,7
sleep,2,5,7
shall,2,5,7
real,5,2,7
ready,3,4,7
read,5,2,7
police,1,6,7
old,2,5,7
money,5,2,7
mine,2,5,7
late,3,4,7
huh,2,5,7
hello,4,3,7
hell,4,3,7
gotta,5,2,7
fourth,6,1,7
find,3,4,7
eyes,4,3,7
earth,6,1,7
coming,4,3,7
ways,2,4,6
use,3,3,6
true,3,3,6
thanks,2,4,6
sweet,2,4,6
seen,2,4,6
run,4,2,6
place,4,2,6
perfect,4,2,6
minute,2,4,6
long,1,5,6
later,2,4,6
lady,1,5,6
itll,1,5,6
inside,5,1,6
hey,1,5,6
heart,3,3,6
gave,3,3,6
forget,4,2,6
end,4,2,6
daughter,1,5,6
air,5,1,6
ago,1,5,6
work,3,2,5
wont,1,4,5
witches,2,3,5
warm,2,3,5
used,2,3,5
turn,2,3,5
today,3,2,5
suffer,1,4,5
start,1,4,5
sit,4,1,5
rest,1,4,5
relax,3,2,5
hurt,2,3,5
havent,2,3,5
gone,3,2,5
funny,3,2,5
five,4,1,5
feather,4,1,5
everybody,3,2,5
days,2,3,5
couldnt,2,3,5
cool,1,4,5
car,3,2,5
burn,1,4,5
book,4,1,5
ask,4,1,5
world,1,3,4
window,1,3,4
win,2,2,4
walk,2,2,4
upstairs,1,3,4
surprised,3,1,4
suffering,1,3,4
spirit,3,1,4
spells,3,1,4
somebody,3,1,4
show,3,1,4
shell,1,3,4
send,1,3,4
roof,2,2,4
play,2,2,4
party,2,2,4
ooh,1,3,4
natural,3,1,4
miss,1,3,4
lot,2,2,4
idea,1,3,4
heavy,3,1,4
hard,2,2,4
hang,3,1,4
guy,3,1,4
found,2,2,4
flying,3,1,4
fall,2,2,4
face,1,3,4
excuse,1,3,4
exactly,1,3,4
dream,2,2,4
comes,3,1,4
called,3,1,4
butt,3,1,4
bring,1,3,4
black,3,1,4
accident,2,2,4
worked,2,1,3
women,1,2,3
weve,2,1,3
wasnt,1,2,3
wanna,2,1,3
trust,2,1,3
telling,1,2,3
taking,1,2,3
stupid,1,2,3
strange,1,2,3
straight,2,1,3
storm,2,1,3
spent,1,2,3
special,2,1,3
saved,1,2,3
ran,2,1,3
poor,1,2,3
pipe,1,2,3
peace,2,1,3
mirror,1,2,3
middle,2,1,3
meeting,1,2,3
loved,2,1,3
listening,1,2,3
learn,2,1,3
laid,2,1,3
knows,1,2,3
kind,2,1,3
keeps,2,1,3
hundred,2,1,3
hot,2,1,3
heard,2,1,3
happy,1,2,3
goes,2,1,3
glad,1,2,3
gives,1,2,3
full,1,2,3
follow,1,2,3
feeling,2,1,3
fathers,1,2,3
experience,2,1,3
control,1,2,3
concentrate,2,1,3
care,1,2,3
calm,2,1,3
busy,2,1,3
boy,1,2,3
beauty,1,2,3
anymore,1,2,3
anybody,1,2,3
amazing,2,1,3
aint,2,1,3
wonderful,1,1,2
wonder,1,1,2
wind,1,1,2
treat,1,1,2
throat,1,1,2
tells,1,1,2
sun,1,1,2
story,1,1,2
sort,1,1,2
soon,1,1,2
sleeping,1,1,2
set,1,1,2
seriously,1,1,2
seeing,1,1,2
safe,1,1,2
running,1,1,2
ring,1,1,2
relieved,1,1,2
pulled,1,1,2
plan,1,1,2
pick,1,1,2
personally,1,1,2
personal,1,1,2
person,1,1,2
older,1,1,2
neighborhood,1,1,2
needs,1,1,2
missing,1,1,2
luck,1,1,2
looked,1,1,2
leaving,1,1,2
learning,1,1,2
known,1,1,2
judge,1,1,2
invention,1,1,2
invented,1,1,2
important,1,1,2
high,1,1,2
hat,1,1,2
half,1,1,2
given,1,1,2
gathering,1,1,2
four,1,1,2
flew,1,1,2
fifth,1,1,2
felt,1,1,2
fat,1,1,2
expect,1,1,2
empty,1,1,2
dollars,1,1,2
different,1,1,2
details,1,1,2
dark,1,1,2
coward,1,1,2
color,1,1,2
clear,1,1,2
child,1,1,2
chance,1,1,2
cast,1,1,2
carry,1,1,2
careful,1,1,2
calls,1,1,2
built,1,1,2
bug,1,1,2
bet,1,1,2
belong,1,1,2
bedroom,1,1,2
authorities,1,1,2
ancient,1,1,2
aid,1,1,2
ahead,1,1,2
sarah,29,0,29
guys,18,0,18
chris,17,0,17
shit,13,0,13
manon,10,0,10
invoke,10,0,10
hi,9,0,9
watchtowers,8,0,8
laura,8,0,8
honey,8,0,8
hail,8,0,8
guardians,8,0,8
bonnie,7,0,7
weird,6,0,6
pathetic,6,0,6
north,6,0,6
kill,6,0,6
hate,6,0,6
dad,6,0,6
circle,6,0,6
rochelle,5,0,5
paranoid,5,0,5
francis,5,0,5
finger,5,0,5
connie,5,0,5
cause,5,0,5
bitch,5,0,5
weak,4,0,4
tricky,4,0,4
thinking,4,0,4
supposed,4,0,4
stuff,4,0,4
sisters,4,0,4
school,4,0,4
scars,4,0,4
scared,4,0,4
san,4,0,4
red,4,0,4
practice,4,0,4
move,4,0,4
mom,4,0,4
makes,4,0,4
lights,4,0,4
friends,4,0,4
francisco,4,0,4
football,4,0,4
enter,4,0,4
couch,4,0,4
board,4,0,4
bind,4,0,4
ass,4,0,4
actually,4,0,4
white,3,0,3
west,3,0,3
tv,3,0,3
stiff,3,0,3
south,3,0,3
serpent,3,0,3
reason,3,0,3
ray,3,0,3
nature,3,0,3
jesus,3,0,3
jealous,3,0,3
hows,3,0,3
heads,3,0,3
having,3,0,3
happening,3,0,3
glamour,3,0,3
exist,3,0,3
east,3,0,3
downs,3,0,3
devil,3,0,3
deep,3,0,3
cry,3,0,3
crazy,3,0,3
corners,3,0,3
completely,3,0,3
blonde,3,0,3
bill,3,0,3
bigger,3,0,3
balance,3,0,3
apartment,3,0,3
whyd,2,0,2
weirdos,2,0,2
usually,2,0,2
unto,2,0,2
uniform,2,0,2
undo,2,0,2
underneath,2,0,2
twenty,2,0,2
truth,2,0,2
tried,2,0,2
throwing,2,0,2
takes,2,0,2
surprise,2,0,2
sucks,2,0,2
steal,2,0,2
started,2,0,2
slut,2,0,2
slit,2,0,2
size,2,0,2
scary,2,0,2
salon,2,0,2
rush,2,0,2
rub,2,0,2
rochelles,2,0,2
results,2,0,2
relaxed,2,0,2
reach,2,0,2
procedure,2,0,2
powerful,2,0,2
policy,2,0,2
plane,2,0,2
phone,2,0,2
outside,2,0,2
open,2,0,2
noninvasive,2,0,2
needle,2,0,2
nah,2,0,2
juke,2,0,2
joke,2,0,2
jerk,2,0,2
jenny,2,0,2
impressed,2,0,2
howd,2,0,2
hour,2,0,2
hooker,2,0,2
holy,2,0,2
hanging,2,0,2
green,2,0,2
goddamn,2,0,2
glory,2,0,2
form,2,0,2
fly,2,0,2
fingers,2,0,2
fear,2,0,2
far,2,0,2
especially,2,0,2
dreams,2,0,2
discount,2,0,2
dinner,2,0,2
definitely,2,0,2
deal,2,0,2
box,2,0,2
blessed,2,0,2
bleeding,2,0,2
blade,2,0,2
bed,2,0,2
baby,2,0,2
apologize,2,0,2
anyway,2,0,2
writing,1,0,1
write,1,0,1
wrists,1,0,1
wreckage,1,0,1
wrap,1,0,1
wow,1,0,1
worst,1,0,1
worship,1,0,1
wondering,1,0,1
wise,1,0,1
wick,1,0,1
whores,1,0,1
whore,1,0,1
wholeness,1,0,1
whoa,1,0,1
whered,1,0,1
whatd,1,0,1
week,1,0,1
wear,1,0,1
watching,1,0,1
warranties,1,0,1
warming,1,0,1
waah,1,0,1
view,1,0,1
veins,1,0,1
upright,1,0,1
unofficially,1,0,1
unleash,1,0,1
undoing,1,0,1
turns,1,0,1
turned,1,0,1
trip,1,0,1
treys,1,0,1
tremendous,1,0,1
trees,1,0,1
treating,1,0,1
travel,1,0,1
trash,1,0,1
trail,1,0,1
tragedy,1,0,1
towels,1,0,1
totally,1,0,1
todays,1,0,1
tits,1,0,1
tiny,1,0,1
threefold,1,0,1
thoughts,1,0,1
theyd,1,0,1
therapy,1,0,1
theological,1,0,1
tempting,1,0,1
temple,1,0,1
teach,1,0,1
taxis,1,0,1
suspect,1,0,1
survivors,1,0,1
survival,1,0,1
surround,1,0,1
surrender,1,0,1
superb,1,0,1
summon,1,0,1
suits,1,0,1
subtle,1,0,1
strong,1,0,1
stir,1,0,1
sting,1,0,1
stepford,1,0,1
steals,1,0,1
starts,1,0,1
stare,1,0,1
standard,1,0,1
stairs,1,0,1
stadium,1,0,1
st,1,0,1
square,1,0,1
spreads,1,0,1
sprained,1,0,1
split,1,0,1
spiritual,1,0,1
spending,1,0,1
speak,1,0,1
spanish,1,0,1
space,1,0,1
sounded,1,0,1
song,1,0,1
somewhat,1,0,1
somethin,1,0,1
social,1,0,1
snakes,1,0,1
snake,1,0,1
snail,1,0,1
smaller,1,0,1
slick,1,0,1
sister,1,0,1
simpler,1,0,1
side,1,0,1
shy,1,0,1
shrunken,1,0,1
shouldve,1,0,1
shopping,1,0,1
shone,1,0,1
shitty,1,0,1
shear,1,0,1
sharp,1,0,1
shark,1,0,1
shape,1,0,1
shampoo,1,0,1
severe,1,0,1
seventy,1,0,1
sell,1,0,1
seat,1,0,1
sea,1,0,1
screwing,1,0,1
screwed,1,0,1
scattered,1,0,1
save,1,0,1
saunders,1,0,1
satan,1,0,1
sarahs,1,0,1
sad,1,0,1
sack,1,0,1
rushed,1,0,1
ruler,1,0,1
rude,1,0,1
rocks,1,0,1
rock,1,0,1
risk,1,0,1
retrieved,1,0,1
restaurant,1,0,1
responsible,1,0,1
respect,1,0,1
relatively,1,0,1
regarding,1,0,1
records,1,0,1
rearview,1,0,1
reading,1,0,1
rain,1,0,1
rag,1,0,1
racist,1,0,1
questions,1,0,1
puppy,1,0,1
punk,1,0,1
pubic,1,0,1
provisions,1,0,1
processing,1,0,1
probably,1,0,1
principal,1,0,1
price,1,0,1
prayers,1,0,1
pray,1,0,1
practical,1,0,1
possible,1,0,1
position,1,0,1
pool,1,0,1
plays,1,0,1
playing,1,0,1
played,1,0,1
planet,1,0,1
pig,1,0,1
pieces,1,0,1
pension,1,0,1
penetrates,1,0,1
peg,1,0,1
pedicure,1,0,1
passes,1,0,1
pass,1,0,1
part,1,0,1
palms,1,0,1
painful,1,0,1
paid,1,0,1
oxygen,1,0,1
onlooker,1,0,1
ones,1,0,1
oldest,1,0,1
officials,1,0,1
obsession,1,0,1
noticing,1,0,1
noticed,1,0,1
nobodys,1,0,1
nightmare,1,0,1
news,1,0,1
neighbors,1,0,1
negroids,1,0,1
nasty,1,0,1
narcissistic,1,0,1
nappy,1,0,1
nancys,1,0,1
nailed,1,0,1
mrs,1,0,1
moving,1,0,1
moves,1,0,1
mothers,1,0,1
moon,1,0,1
mood,1,0,1
monster,1,0,1
mister,1,0,1
mile,1,0,1
mexican,1,0,1
message,1,0,1
mays,1,0,1
mass,1,0,1
mark,1,0,1
manners,1,0,1
mammoth,1,0,1
major,1,0,1
magical,1,0,1
mad,1,0,1
lying,1,0,1
low,1,0,1
loving,1,0,1
lousiest,1,0,1
los,1,0,1
loni,1,0,1
lizzies,1,0,1
lizzie,1,0,1
live,1,0,1
lirio,1,0,1
liked,1,0,1
lie,1,0,1
lid,1,0,1
letting,1,0,1
lend,1,0,1
leaves,1,0,1
lazy,1,0,1
lays,1,0,1
lay,1,0,1
lab,1,0,1
la,1,0,1
knife,1,0,1
kitchen,1,0,1
kissing,1,0,1
kids,1,0,1
jock,1,0,1
jennyll,1,0,1
jacket,1,0,1
invoking,1,0,1
investigationi,1,0,1
intuition,1,0,1
interrupt,1,0,1
interesting,1,0,1
intensely,1,0,1
instructions,1,0,1
index,1,0,1
incredibly,1,0,1
imagine,1,0,1
illusion,1,0,1
hurting,1,0,1
humiliating,1,0,1
howre,1,0,1
honestly,1,0,1
homeroom,1,0,1
hole,1,0,1
higher,1,0,1
hiding,1,0,1
helped,1,0,1
hallucinate,1,0,1
hairy,1,0,1
hairs,1,0,1
guardian,1,0,1
group,1,0,1
ground,1,0,1
gross,1,0,1
groove,1,0,1
grace,1,0,1
gotcha,1,0,1
global,1,0,1
girlfriends,1,0,1
girlfriend,1,0,1
gifts,1,0,1
gift,1,0,1
genius,1,0,1
genesis,1,0,1
gene,1,0,1
games,1,0,1
game,1,0,1
fun,1,0,1
fuck,1,0,1
frighten,1,0,1
friendship,1,0,1
french,1,0,1
freaking,1,0,1
forms,1,0,1
fool,1,0,1
food,1,0,1
focus,1,0,1
flowing,1,0,1
floors,1,0,1
floodgate,1,0,1
flooded,1,0,1
flight,1,0,1
fixed,1,0,1
fills,1,0,1
fill,1,0,1
field,1,0,1
feet,1,0,1
fault,1,0,1
falling,1,0,1
faiths,1,0,1
faa,1,0,1
explains,1,0,1
experimental,1,0,1
experienced,1,0,1
eve,1,0,1
ends,1,0,1
effects,1,0,1
eat,1,0,1
eastwick,1,0,1
drier,1,0,1
draper,1,0,1
doin,1,0,1
ditching,1,0,1
disgusting,1,0,1
disease,1,0,1
disagreed,1,0,1
difficult,1,0,1
died,1,0,1
dicks,1,0,1
dick,1,0,1
diary,1,0,1
deserved,1,0,1
deserve,1,0,1
defenses,1,0,1
defeat,1,0,1
deaf,1,0,1
de,1,0,1
daytime,1,0,1
date,1,0,1
dangerous,1,0,1
damn,1,0,1
damask,1,0,1
dads,1,0,1
cute,1,0,1
curtains,1,0,1
curtain,1,0,1
cruel,1,0,1
crashed,1,0,1
crash,1,0,1
craf,1,0,1
cow,1,0,1
coven,1,0,1
correctly,1,0,1
conversation,1,0,1
contacts,1,0,1
connection,1,0,1
confirms,1,0,1
concentrating,1,0,1
company,1,0,1
commitment,1,0,1
coffee,1,0,1
clean,1,0,1
class,1,0,1
city,1,0,1
chunk,1,0,1
christ,1,0,1
chip,1,0,1
check,1,0,1
chant,1,0,1
challenge,1,0,1
cash,1,0,1
candles,1,0,1
buy,1,0,1
burst,1,0,1
burp,1,0,1
bugs,1,0,1
brush,1,0,1
brown,1,0,1
bro,1,0,1
brilliant,1,0,1
brief,1,0,1
breathing,1,0,1
breath,1,0,1
bravo,1,0,1
bothers,1,0,1
bonnies,1,0,1
bonjour,1,0,1
blind,1,0,1
bleached,1,0,1
bleach,1,0,1
blackbox,1,0,1
bitter,1,0,1
bitten,1,0,1
bitches,1,0,1
biology,1,0,1
binding,1,0,1
betrayed,1,0,1
bernard,1,0,1
benefits,1,0,1
begging,1,0,1
beaucoup,1,0,1
bathroom,1,0,1
basic,1,0,1
bailey,1,0,1
bag,1,0,1
backs,1,0,1
available,1,0,1
attitude,1,0,1
attention,1,0,1
assholes,1,0,1
asshole,1,0,1
assembly,1,0,1
arrival,1,0,1
armature,1,0,1
arm,1,0,1
area,1,0,1
anyways,1,0,1
answer,1,0,1
animals,1,0,1
angeles,1,0,1
anderson,1,0,1
almanac,1,0,1
allow,1,0,1
allover,1,0,1
alert,1,0,1
ages,1,0,1
act,1,0,1
accidents,1,0,1
abused,1,0,1
ability,1,0,1
sarah,0,29,29
guys,0,18,18
chris,0,17,17
shit,0,13,13
manon,0,10,10
invoke,0,10,10
hi,0,9,9
watchtowers,0,8,8
laura,0,8,8
honey,0,8,8
hail,0,8,8
guardians,0,8,8
bonnie,0,7,7
weird,0,6,6
pathetic,0,6,6
north,0,6,6
kill,0,6,6
hate,0,6,6
dad,0,6,6
circle,0,6,6
rochelle,0,5,5
paranoid,0,5,5
francis,0,5,5
finger,0,5,5
connie,0,5,5
cause,0,5,5
bitch,0,5,5
weak,0,4,4
tricky,0,4,4
thinking,0,4,4
supposed,0,4,4
stuff,0,4,4
sisters,0,4,4
school,0,4,4
scars,0,4,4
scared,0,4,4
san,0,4,4
red,0,4,4
practice,0,4,4
move,0,4,4
mom,0,4,4
makes,0,4,4
lights,0,4,4
friends,0,4,4
francisco,0,4,4
football,0,4,4
enter,0,4,4
couch,0,4,4
board,0,4,4
bind,0,4,4
ass,0,4,4
actually,0,4,4
white,0,3,3
west,0,3,3
tv,0,3,3
stiff,0,3,3
south,0,3,3
serpent,0,3,3
reason,0,3,3
ray,0,3,3
nature,0,3,3
jesus,0,3,3
jealous,0,3,3
hows,0,3,3
heads,0,3,3
having,0,3,3
happening,0,3,3
glamour,0,3,3
exist,0,3,3
east,0,3,3
downs,0,3,3
devil,0,3,3
deep,0,3,3
cry,0,3,3
crazy,0,3,3
corners,0,3,3
completely,0,3,3
blonde,0,3,3
bill,0,3,3
bigger,0,3,3
balance,0,3,3
apartment,0,3,3
whyd,0,2,2
weirdos,0,2,2
usually,0,2,2
unto,0,2,2
uniform,0,2,2
undo,0,2,2
underneath,0,2,2
twenty,0,2,2
truth,0,2,2
tried,0,2,2
throwing,0,2,2
takes,0,2,2
surprise,0,2,2
sucks,0,2,2
steal,0,2,2
started,0,2,2
slut,0,2,2
slit,0,2,2
size,0,2,2
scary,0,2,2
salon,0,2,2
rush,0,2,2
rub,0,2,2
rochelles,0,2,2
results,0,2,2
relaxed,0,2,2
reach,0,2,2
procedure,0,2,2
powerful,0,2,2
policy,0,2,2
plane,0,2,2
phone,0,2,2
outside,0,2,2
open,0,2,2
noninvasive,0,2,2
needle,0,2,2
nah,0,2,2
juke,0,2,2
joke,0,2,2
jerk,0,2,2
jenny,0,2,2
impressed,0,2,2
howd,0,2,2
hour,0,2,2
hooker,0,2,2
holy,0,2,2
hanging,0,2,2
green,0,2,2
goddamn,0,2,2
glory,0,2,2
form,0,2,2
fly,0,2,2
fingers,0,2,2
fear,0,2,2
far,0,2,2
especially,0,2,2
dreams,0,2,2
discount,0,2,2
dinner,0,2,2
definitely,0,2,2
deal,0,2,2
box,0,2,2
blessed,0,2,2
bleeding,0,2,2
blade,0,2,2
bed,0,2,2
baby,0,2,2
apologize,0,2,2
anyway,0,2,2
writing,0,1,1
write,0,1,1
wrists,0,1,1
wreckage,0,1,1
wrap,0,1,1
wow,0,1,1
worst,0,1,1
worship,0,1,1
wondering,0,1,1
wise,0,1,1
wick,0,1,1
whores,0,1,1
whore,0,1,1
wholeness,0,1,1
whoa,0,1,1
whered,0,1,1
whatd,0,1,1
week,0,1,1
wear,0,1,1
watching,0,1,1
warranties,0,1,1
warming,0,1,1
waah,0,1,1
view,0,1,1
veins,0,1,1
upright,0,1,1
unofficially,0,1,1
unleash,0,1,1
undoing,0,1,1
turns,0,1,1
turned,0,1,1
trip,0,1,1
treys,0,1,1
tremendous,0,1,1
trees,0,1,1
treating,0,1,1
travel,0,1,1
trash,0,1,1
trail,0,1,1
tragedy,0,1,1
towels,0,1,1
totally,0,1,1
todays,0,1,1
tits,0,1,1
tiny,0,1,1
threefold,0,1,1
thoughts,0,1,1
theyd,0,1,1
therapy,0,1,1
theological,0,1,1
tempting,0,1,1
temple,0,1,1
teach,0,1,1
taxis,0,1,1
suspect,0,1,1
survivors,0,1,1
survival,0,1,1
surround,0,1,1
surrender,0,1,1
superb,0,1,1
summon,0,1,1
suits,0,1,1
subtle,0,1,1
strong,0,1,1
stir,0,1,1
sting,0,1,1
stepford,0,1,1
steals,0,1,1
starts,0,1,1
stare,0,1,1
standard,0,1,1
stairs,0,1,1
stadium,0,1,1
st,0,1,1
square,0,1,1
spreads,0,1,1
sprained,0,1,1
split,0,1,1
spiritual,0,1,1
spending,0,1,1
speak,0,1,1
spanish,0,1,1
space,0,1,1
sounded,0,1,1
song,0,1,1
somewhat,0,1,1
somethin,0,1,1
social,0,1,1
snakes,0,1,1
snake,0,1,1
snail,0,1,1
smaller,0,1,1
slick,0,1,1
sister,0,1,1
simpler,0,1,1
side,0,1,1
shy,0,1,1
shrunken,0,1,1
shouldve,0,1,1
shopping,0,1,1
shone,0,1,1
shitty,0,1,1
shear,0,1,1
sharp,0,1,1
shark,0,1,1
shape,0,1,1
shampoo,0,1,1
severe,0,1,1
seventy,0,1,1
sell,0,1,1
seat,0,1,1
sea,0,1,1
screwing,0,1,1
screwed,0,1,1
scattered,0,1,1
save,0,1,1
saunders,0,1,1
satan,0,1,1
sarahs,0,1,1
sad,0,1,1
sack,0,1,1
rushed,0,1,1
ruler,0,1,1
rude,0,1,1
rocks,0,1,1
rock,0,1,1
risk,0,1,1
retrieved,0,1,1
restaurant,0,1,1
responsible,0,1,1
respect,0,1,1
relatively,0,1,1
regarding,0,1,1
records,0,1,1
rearview,0,1,1
reading,0,1,1
rain,0,1,1
rag,0,1,1
racist,0,1,1
questions,0,1,1
puppy,0,1,1
punk,0,1,1
pubic,0,1,1
provisions,0,1,1
processing,0,1,1
probably,0,1,1
principal,0,1,1
price,0,1,1
prayers,0,1,1
pray,0,1,1
practical,0,1,1
possible,0,1,1
position,0,1,1
pool,0,1,1
plays,0,1,1
playing,0,1,1
played,0,1,1
planet,0,1,1
pig,0,1,1
pieces,0,1,1
pension,0,1,1
penetrates,0,1,1
peg,0,1,1
pedicure,0,1,1
passes,0,1,1
pass,0,1,1
part,0,1,1
palms,0,1,1
painful,0,1,1
paid,0,1,1
oxygen,0,1,1
onlooker,0,1,1
ones,0,1,1
oldest,0,1,1
officials,0,1,1
obsession,0,1,1
noticing,0,1,1
noticed,0,1,1
nobodys,0,1,1
nightmare,0,1,1
news,0,1,1
neighbors,0,1,1
negroids,0,1,1
nasty,0,1,1
narcissistic,0,1,1
nappy,0,1,1
nancys,0,1,1
nailed,0,1,1
mrs,0,1,1
moving,0,1,1
moves,0,1,1
mothers,0,1,1
moon,0,1,1
mood,0,1,1
monster,0,1,1
mister,0,1,1
mile,0,1,1
mexican,0,1,1
message,0,1,1
mays,0,1,1
mass,0,1,1
mark,0,1,1
manners,0,1,1
mammoth,0,1,1
major,0,1,1
magical,0,1,1
mad,0,1,1
lying,0,1,1
low,0,1,1
loving,0,1,1
lousiest,0,1,1
los,0,1,1
loni,0,1,1
lizzies,0,1,1
lizzie,0,1,1
live,0,1,1
lirio,0,1,1
liked,0,1,1
lie,0,1,1
lid,0,1,1
letting,0,1,1
lend,0,1,1
leaves,0,1,1
lazy,0,1,1
lays,0,1,1
lay,0,1,1
lab,0,1,1
la,0,1,1
knife,0,1,1
kitchen,0,1,1
kissing,0,1,1
kids,0,1,1
jock,0,1,1
jennyll,0,1,1
jacket,0,1,1
invoking,0,1,1
investigationi,0,1,1
intuition,0,1,1
interrupt,0,1,1
interesting,0,1,1
intensely,0,1,1
instructions,0,1,1
index,0,1,1
incredibly,0,1,1
imagine,0,1,1
illusion,0,1,1
hurting,0,1,1
humiliating,0,1,1
howre,0,1,1
honestly,0,1,1
homeroom,0,1,1
hole,0,1,1
higher,0,1,1
hiding,0,1,1
helped,0,1,1
hallucinate,0,1,1
hairy,0,1,1
hairs,0,1,1
guardian,0,1,1
group,0,1,1
ground,0,1,1
gross,0,1,1
groove,0,1,1
grace,0,1,1
gotcha,0,1,1
global,0,1,1
girlfriends,0,1,1
girlfriend,0,1,1
gifts,0,1,1
gift,0,1,1
genius,0,1,1
genesis,0,1,1
gene,0,1,1
games,0,1,1
game,0,1,1
fun,0,1,1
fuck,0,1,1
frighten,0,1,1
friendship,0,1,1
french,0,1,1
freaking,0,1,1
forms,0,1,1
fool,0,1,1
food,0,1,1
focus,0,1,1
flowing,0,1,1
floors,0,1,1
floodgate,0,1,1
flooded,0,1,1
flight,0,1,1
fixed,0,1,1
fills,0,1,1
fill,0,1,1
field,0,1,1
feet,0,1,1
fault,0,1,1
falling,0,1,1
faiths,0,1,1
faa,0,1,1
explains,0,1,1
experimental,0,1,1
experienced,0,1,1
eve,0,1,1
ends,0,1,1
effects,0,1,1
eat,0,1,1
eastwick,0,1,1
drier,0,1,1
draper,0,1,1
doin,0,1,1
ditching,0,1,1
disgusting,0,1,1
disease,0,1,1
disagreed,0,1,1
difficult,0,1,1
died,0,1,1
dicks,0,1,1
dick,0,1,1
diary,0,1,1
deserved,0,1,1
deserve,0,1,1
defenses,0,1,1
defeat,0,1,1
deaf,0,1,1
de,0,1,1
daytime,0,1,1
date,0,1,1
dangerous,0,1,1
damn,0,1,1
damask,0,1,1
dads,0,1,1
cute,0,1,1
curtains,0,1,1
curtain,0,1,1
cruel,0,1,1
crashed,0,1,1
crash,0,1,1
craf,0,1,1
cow,0,1,1
coven,0,1,1
correctly,0,1,1
conversation,0,1,1
contacts,0,1,1
connection,0,1,1
confirms,0,1,1
concentrating,0,1,1
company,0,1,1
commitment,0,1,1
coffee,0,1,1
clean,0,1,1
class,0,1,1
city,0,1,1
chunk,0,1,1
christ,0,1,1
chip,0,1,1
check,0,1,1
chant,0,1,1
challenge,0,1,1
cash,0,1,1
candles,0,1,1
buy,0,1,1
burst,0,1,1
burp,0,1,1
bugs,0,1,1
brush,0,1,1
brown,0,1,1
bro,0,1,1
brilliant,0,1,1
brief,0,1,1
breathing,0,1,1
breath,0,1,1
bravo,0,1,1
bothers,0,1,1
bonnies,0,1,1
bonjour,0,1,1
blind,0,1,1
bleached,0,1,1
bleach,0,1,1
blackbox,0,1,1
bitter,0,1,1
bitten,0,1,1
bitches,0,1,1
biology,0,1,1
binding,0,1,1
betrayed,0,1,1
bernard,0,1,1
benefits,0,1,1
begging,0,1,1
beaucoup,0,1,1
bathroom,0,1,1
basic,0,1,1
bailey,0,1,1
bag,0,1,1
backs,0,1,1
available,0,1,1
attitude,0,1,1
attention,0,1,1
assholes,0,1,1
asshole,0,1,1
assembly,0,1,1
arrival,0,1,1
armature,0,1,1
arm,0,1,1
area,0,1,1
anyways,0,1,1
answer,0,1,1
animals,0,1,1
angeles,0,1,1
anderson,0,1,1
almanac,0,1,1
allow,0,1,1
allover,0,1,1
alert,0,1,1
ages,0,1,1
act,0,1,1
accidents,0,1,1
abused,0,1,1
ability,0,1,1